90 26 27
175 48 108
28 90 27
118 95 72
74 75 95
71 94 25
93 117 94
189 75 74
218 71 25
183 180 179
75 96 95
122 93 194
218 26 68
72 96 62
32 124 31
76 189 84
148 163 146
76 82 54
204 154 203
124 32 125
113 149 163
67 219 110
46 47 87
128 103 150
128 151 130
172 169 170
34 132 33
182 48 183
93 94 71
130 13 131
20 21 99
120 19 20
141 114 116
197 77 194
128 150 164
59 70 55
49 50 83
18 19 17
123 14 15
120 121 19
120 99 98
95 118 119
91 28 29
87 47 182
114 6 7
121 144 16
63 72 62
136 107 135
219 192 71
138 115 137
115 138 139
5 6 141
93 71 191
2 3 73
156 140 73
75 189 97
9 10 105
90 91 68
190 109 40
35 36 106
208 207 211
212 179 180
177 133 178
50 51 82
107 169 134
165 203 154
122 77 99
89 204 87
65 184 66
169 107 166
60 75 97
156 73 3
109 39 40
76 54 70
81 106 134
61 75 60
85 190 41
114 115 92
85 41 42
68 91 110
7 137 114
85 43 65
186 63 64
45 46 66
38 135 37
66 184 45
184 43 44
61 62 96
190 85 65
46 87 66
191 71 192
23 117 22
83 84 108
95 96 72
23 24 94
60 70 59
61 96 75
12 13 130
74 119 158
1 187 0
174 183 175
73 69 185
186 187 188
49 108 48
156 4 116
188 73 185
82 51 53
69 118 185
119 74 95
52 53 51
152 34 35
82 53 54
56 59 55
82 83 50
58 56 57
58 59 56
31 124 126
76 84 83
43 85 42
55 70 54
26 90 68
97 70 60
76 83 82
91 90 28
31 126 149
10 11 127
25 94 24
165 136 86
70 97 76
144 100 123
17 121 16
122 21 22
99 77 202
197 193 100
193 195 198
33 132 125
147 206 161
78 146 147
127 102 129
131 14 123
67 195 193
106 133 152
104 145 125
208 211 129
143 175 201
153 36 37
133 106 81
136 38 39
166 136 165
83 108 49
108 84 175
190 40 41
136 109 86
91 112 110
112 195 110
30 113 29
195 111 196
113 91 29
112 111 195
111 112 113
113 112 91
137 7 8
116 114 92
138 8 9
105 155 138
116 92 140
4 5 141
94 117 23
122 117 93
185 118 72
118 69 119
69 142 119
92 157 142
99 120 20
120 98 121
121 17 19
121 98 202
21 122 99
117 122 22
160 16 144
200 131 123
32 33 125
126 124 101
104 177 145
124 125 162
126 101 146
149 113 30
11 12 151
145 79 161
102 127 128
127 11 151
173 207 79
127 129 216
13 14 131
128 130 103
200 123 100
103 130 131
132 34 152
125 132 104
173 178 172
104 132 152
153 106 36
135 134 37
136 135 38
134 135 107
109 136 39
190 203 86
138 137 8
114 137 115
9 105 138
155 80 139
159 174 175
142 157 176
142 140 92
69 73 140
114 141 6
4 141 116
140 142 69
92 115 157
119 142 176
80 159 139
160 123 15
99 202 98
208 161 79
124 162 101
147 146 101
148 146 78
101 162 206
147 102 164
148 78 196
111 113 163
31 149 30
163 149 126
150 103 199
78 147 164
130 151 12
127 151 128
106 152 35
152 133 104
37 134 153
106 153 134
217 205 89
136 166 107
80 155 105
139 138 155
4 156 3
116 140 156
115 139 157
159 176 139
176 158 119
201 158 143
159 80 174
176 159 143
16 160 15
144 123 160
129 102 161
147 161 102
125 145 162
145 161 206
146 163 126
111 163 148
128 164 102
78 164 150
203 165 86
166 165 154
167 154 205
166 154 167
170 167 88
169 81 134
171 209 170
168 173 172
166 167 169
169 167 170
171 170 88
170 168 172
48 175 183
105 10 215
207 173 168
81 169 172
177 173 79
173 177 178
80 180 174
182 217 89
201 175 84
159 175 143
176 143 158
139 176 157
145 177 79
133 177 104
133 81 178
172 178 81
212 80 105
214 179 171
212 180 80
183 179 181
181 179 214
182 89 87
48 182 47
182 181 217
180 183 174
182 183 181
43 184 65
45 184 44
186 72 63
73 188 2
187 186 64
72 186 185
0 187 64
188 1 2
186 188 185
188 187 1
97 189 76
201 189 74
203 190 65
109 190 86
193 191 67
122 194 77
71 218 219
67 191 192
110 195 67
77 197 144
93 191 194
197 191 193
111 148 196
196 198 195
150 196 78
198 100 193
144 197 100
191 197 194
196 199 198
103 200 199
150 199 196
200 103 131
100 198 200
199 200 198
189 201 84
158 201 74
77 144 202
121 202 144
65 66 203
204 203 66
87 204 66
204 89 205
167 205 88
204 205 154
101 206 147
145 206 162
168 209 207
209 210 211
161 208 129
79 207 208
170 209 168
209 171 213
179 212 213
216 210 215
209 211 207
216 211 210
215 212 105
212 215 213
209 213 210
179 213 171
171 88 214
205 217 88
216 215 10
215 210 213
127 216 10
211 216 129
181 214 217
88 217 214
26 218 25
218 68 219
110 219 68
192 219 67
