1 0 0 0 0 0 0 0 0 0 0 0 0 0 0 0 0 0 
0.8 0.2 0 0 0 0 0 0 0 0 0 0 0 0 0 0 0 0 
0.6 0.4 0 0 0 0 0 0 0 0 0 0 0 0 0 0 0 0 
0.4 0.6 0 0 0 0 0 0 0 0 0 0 0 0 0 0 0 0 
0.2 0.8 0 0 0 0 0 0 0 0 0 0 0 0 0 0 0 0 
0 1 0 0 0 0 0 0 0 0 0 0 0 0 0 0 0 0 
0 0.8 0.2 0 0 0 0 0 0 0 0 0 0 0 0 0 0 0 
0 0.6 0.4 0 0 0 0 0 0 0 0 0 0 0 0 0 0 0 
0 0.4 0.6 0 0 0 0 0 0 0 0 0 0 0 0 0 0 0 
0 0.2 0.8 0 0 0 0 0 0 0 0 0 0 0 0 0 0 0 
0 0 1 0 0 0 0 0 0 0 0 0 0 0 0 0 0 0 
0 0 0.833333 0.166667 0 0 0 0 0 0 0 0 0 0 0 0 0 0 
0 0 0.666667 0.333333 0 0 0 0 0 0 0 0 0 0 0 0 0 0 
0 0 0.5 0.5 0 0 0 0 0 0 0 0 0 0 0 0 0 0 
0 0 0.333333 0.666667 0 0 0 0 0 0 0 0 0 0 0 0 0 0 
0 0 0.166667 0.833333 0 0 0 0 0 0 0 0 0 0 0 0 0 0 
0 0 0 1 0 0 0 0 0 0 0 0 0 0 0 0 0 0 
0 0 0 0.5 0.5 0 0 0 0 0 0 0 0 0 0 0 0 0 
0 0 0 0 1 0 0 0 0 0 0 0 0 0 0 0 0 0 
0 0 0 0 0.666667 0.333333 0 0 0 0 0 0 0 0 0 0 0 0 
0 0 0 0 0.333333 0.666667 0 0 0 0 0 0 0 0 0 0 0 0 
0 0 0 0 0 1 0 0 0 0 0 0 0 0 0 0 0 0 
0 0 0 0 0 0.666667 0.333333 0 0 0 0 0 0 0 0 0 0 0 
0 0 0 0 0 0.333333 0.666667 0 0 0 0 0 0 0 0 0 0 0 
0 0 0 0 0 0 1 0 0 0 0 0 0 0 0 0 0 0 
0 0 0 0 0 0 0.666667 0.333333 0 0 0 0 0 0 0 0 0 0 
0 0 0 0 0 0 0.333333 0.666667 0 0 0 0 0 0 0 0 0 0 
0 0 0 0 0 0 0 1 0 0 0 0 0 0 0 0 0 0 
0 0 0 0 0 0 0 0.888889 0.111111 0 0 0 0 0 0 0 0 0 
0 0 0 0 0 0 0 0.777778 0.222222 0 0 0 0 0 0 0 0 0 
0 0 0 0 0 0 0 0.666667 0.333333 0 0 0 0 0 0 0 0 0 
0 0 0 0 0 0 0 0.555556 0.444444 0 0 0 0 0 0 0 0 0 
0 0 0 0 0 0 0 0.444444 0.555556 0 0 0 0 0 0 0 0 0 
0 0 0 0 0 0 0 0.333333 0.666667 0 0 0 0 0 0 0 0 0 
0 0 0 0 0 0 0 0.222222 0.777778 0 0 0 0 0 0 0 0 0 
0 0 0 0 0 0 0 0.111111 0.888889 0 0 0 0 0 0 0 0 0 
0 0 0 0 0 0 0 0 1 0 0 0 0 0 0 0 0 0 
0 0 0 0 0 0 0 0 0.75 0.25 0 0 0 0 0 0 0 0 
0 0 0 0 0 0 0 0 0.5 0.5 0 0 0 0 0 0 0 0 
0 0 0 0 0 0 0 0 0.25 0.75 0 0 0 0 0 0 0 0 
0 0 0 0 0 0 0 0 0 1 0 0 0 0 0 0 0 0 
0 0 0 0 0 0 0 0 0 0.5 0.5 0 0 0 0 0 0 0 
0 0 0 0 0 0 0 0 0 0 1 0 0 0 0 0 0 0 
0 0 0 0 0 0 0 0 0 0 0.5 0.5 0 0 0 0 0 0 
0 0 0 0 0 0 0 0 0 0 0 1 0 0 0 0 0 0 
0 0 0 0 0 0 0 0 0 0 0 0.5 0.5 0 0 0 0 0 
0 0 0 0 0 0 0 0 0 0 0 0 1 0 0 0 0 0 
0 0 0 0 0 0 0 0 0 0 0 0 0.5 0.5 0 0 0 0 
0 0 0 0 0 0 0 0 0 0 0 0 0 1 0 0 0 0 
0 0 0 0 0 0 0 0 0 0 0 0 0 0.75 0.25 0 0 0 
0 0 0 0 0 0 0 0 0 0 0 0 0 0.5 0.5 0 0 0 
0 0 0 0 0 0 0 0 0 0 0 0 0 0.25 0.75 0 0 0 
0 0 0 0 0 0 0 0 0 0 0 0 0 0 1 0 0 0 
0 0 0 0 0 0 0 0 0 0 0 0 0 0 0.5 0.5 0 0 
0 0 0 0 0 0 0 0 0 0 0 0 0 0 0 1 0 0 
0 0 0 0 0 0 0 0 0 0 0 0 0 0 0 0.666667 0.333333 0 
0 0 0 0 0 0 0 0 0 0 0 0 0 0 0 0.333333 0.666667 0 
0 0 0 0 0 0 0 0 0 0 0 0 0 0 0 0 1 0 
0 0 0 0 0 0 0 0 0 0 0 0 0 0 0 0 0.666667 0.333333 
0 0 0 0 0 0 0 0 0 0 0 0 0 0 0 0 0.333333 0.666667 
0 0 0 0 0 0 0 0 0 0 0 0 0 0 0 0 0 1 
0.2 0 0 0 0 0 0 0 0 0 0 0 0 0 0 0 0 0.8 
0.4 0 0 0 0 0 0 0 0 0 0 0 0 0 0 0 0 0.6 
0.6 0 0 0 0 0 0 0 0 0 0 0 0 0 0 0 0 0.4 
0.8 0 0 0 0 0 0 0 0 0 0 0 0 0 0 0 0 0.2 
0.00106016 0.00325207 0.0180901 0.00105105 3.00787e-05 0.00011175 0.000166458 0.00487706 0.0575749 0.242696 0.338841 0.178063 0.108302 0.0433704 0.00053946 0.000449039 3.37135e-05 0.00149209 
0.00237595 0.00708288 0.0359296 0.00190855 5.40263e-05 0.000200601 0.000298426 0.00828706 0.0709657 0.124805 0.119711 0.186056 0.305562 0.13104 0.00124039 0.00102601 7.68391e-05 0.00337917 
0.000144672 0.000584016 0.0935963 0.139338 0.0221757 0.108704 0.21575 0.339939 0.0751597 0.00142006 0.000313672 0.000243559 0.000708428 0.00162334 5.87043e-05 5.1684e-05 3.96641e-06 0.000185744 
7.05322e-05 0.000284259 0.0378063 0.04949 0.00779205 0.043377 0.17872 0.608404 0.0717868 0.000704039 0.000154829 0.000120085 0.000348506 0.000795166 2.86574e-05 2.52222e-05 1.9354e-06 9.06038e-05 
0.292836 0.268744 0.0992294 0.000652834 1.68325e-05 6.22005e-05 9.1601e-05 0.00184535 0.00679866 0.00327984 0.00120636 0.00111908 0.00515563 0.0814391 0.0142878 0.0199927 0.00190001 0.201343 
0.00896775 0.00469723 0.00370107 4.2926e-05 1.11615e-06 4.12614e-06 6.08172e-06 0.000125368 0.000482769 0.000247762 9.40574e-05 8.85339e-05 0.00042657 0.0222155 0.00973192 0.42703 0.13161 0.390528 
5.52333e-05 0.000223024 0.0400854 0.0751027 0.0184967 0.154366 0.441584 0.237775 0.0305548 0.000540876 0.000119542 9.28363e-05 0.000270112 0.000619337 2.2408e-05 1.97292e-05 1.51412e-06 7.09084e-05 
0.400959 0.131965 0.0415835 0.000309871 8.00426e-06 2.95804e-05 4.35704e-05 0.000882121 0.00328114 0.00160451 0.000594268 0.000553045 0.00257343 0.0484904 0.00992531 0.0158012 0.00163542 0.339761 
0.400403 0.383063 0.0556429 0.000282609 7.27716e-06 2.68892e-05 3.95937e-05 0.000794851 0.00290924 0.00139082 0.000509292 0.000471498 0.00215883 0.0321605 0.00547952 0.00764356 0.000728959 0.106288 
0.142899 0.10701 0.0811475 0.000868922 2.25447e-05 8.33338e-05 0.000122802 0.00251618 0.00957441 0.0048312 0.00181778 0.00170394 0.00810573 0.205118 0.0471237 0.0706364 0.00639386 0.310025 
0.142132 0.0531501 0.0349303 0.000363564 9.43392e-06 3.48716e-05 5.13881e-05 0.00105334 0.00401206 0.00202792 0.000763847 0.000716394 0.00341387 0.106994 0.0324449 0.0738679 0.0095409 0.534493 
0.0488858 0.0329033 0.0284283 0.000345534 8.99214e-06 3.32433e-05 4.90033e-05 0.00101253 0.00391675 0.00202261 0.000770265 0.00072608 0.00351368 0.226158 0.109778 0.237826 0.0154523 0.288169 
4.90101e-05 0.000198274 0.0597951 0.2326 0.107759 0.344974 0.157112 0.0770373 0.0189335 0.000470812 0.000104576 8.13179e-05 0.000237204 0.000546577 1.98534e-05 1.74865e-05 1.34219e-06 6.28806e-05 
0.000788704 0.00318312 0.268542 0.147744 0.00740969 0.0279537 0.0423403 0.281907 0.195026 0.00772223 0.00170846 0.00132696 0.00386129 0.00885124 0.000320082 0.000281795 2.16257e-05 0.00101268 
0.00371109 0.0143965 0.262525 0.0374508 0.00118729 0.00443091 0.00666097 0.157389 0.369893 0.0484397 0.0102156 0.00780212 0.0218749 0.0461873 0.001552 0.00135634 0.000103793 0.00482392 
0.0410337 0.131117 0.331499 0.00589106 0.000152457 0.000563456 0.000830056 0.0167987 0.0615517 0.0287828 0.0102536 0.00933685 0.0401596 0.238917 0.0154491 0.0141462 0.00109931 0.052418 
0.00283548 0.0100049 0.100892 0.00997445 0.000308563 0.0011515 0.00173139 0.0749859 0.543189 0.136116 0.0193133 0.0133151 0.0312572 0.0486662 0.00127886 0.00109689 8.33309e-05 0.00380046 
0.00597852 0.00467388 0.00447954 5.87826e-05 1.53245e-06 5.66586e-06 8.35345e-06 0.000173452 0.000677354 0.000354369 0.000135855 0.000128454 0.000627377 0.234018 0.349121 0.368268 0.00150348 0.0297869 
0.0231093 0.0185488 0.0180595 0.000239483 6.24473e-06 2.30886e-05 3.40414e-05 0.000707294 0.00276546 0.0014492 0.000556049 0.00052596 0.00257177 0.405671 0.247812 0.161307 0.00552483 0.111089 
0.0626986 0.0639204 0.067714 0.000934483 2.4385e-05 9.01615e-05 0.000132943 0.00276765 0.0108616 0.00572011 0.00220017 0.00208344 0.0102211 0.427015 0.0935631 0.0784034 0.00531661 0.166333 
0.000364619 0.00112253 0.00632656 0.000372523 1.06797e-05 3.96819e-05 5.91206e-05 0.0017488 0.0225931 0.244201 0.598755 0.0747473 0.0343316 0.0144653 0.000184947 0.000154067 1.15708e-05 0.000512506 
0.00145346 0.00459319 0.0283279 0.00181451 5.25775e-05 0.000195475 0.000291596 0.00911611 0.157981 0.480363 0.151065 0.0532102 0.0628469 0.0452969 0.000720146 0.000603402 4.54215e-05 0.00202362 
0.00261381 0.00742433 0.0328554 0.00154085 4.30694e-05 0.000159809 0.000237401 0.00625154 0.0445493 0.0594977 0.0469097 0.0666996 0.485486 0.239269 0.00142475 0.00116627 8.6976e-05 0.00378428 
0.00864678 0.0277639 0.162366 0.00914782 0.000258388 0.000959219 0.00142639 0.0378918 0.215548 0.139305 0.0464269 0.0384769 0.109836 0.182036 0.00418433 0.00352843 0.000266261 0.0119325 
0.00615008 0.0184362 0.0919096 0.00466569 0.000131022 0.00048627 0.00072271 0.0192277 0.130854 0.136355 0.0700513 0.069194 0.21219 0.224881 0.0031858 0.00264058 0.000197914 0.00872062 
2.80038e-05 0.00011283 0.0145378 0.0184558 0.00282536 0.0155455 0.0762137 0.808512 0.0628667 0.000280313 6.15999e-05 4.77676e-05 0.000138578 0.000315957 1.13805e-05 1.00157e-05 7.68531e-07 3.59761e-05 
0.000117375 0.000472241 0.0506377 0.0513569 0.00599642 0.0286337 0.0762459 0.633092 0.149633 0.001192 0.00026096 0.000202165 0.000585371 0.00132971 4.77536e-05 4.20155e-05 3.2236e-06 0.000150859 
0.14311 0.456237 0.210493 0.000828602 2.12625e-05 7.8552e-05 0.000115625 0.0022996 0.00826731 0.00385242 0.00139251 0.00128151 0.00575918 0.0673612 0.00928363 0.0113145 0.000994887 0.077309 
4.21182e-05 0.000170253 0.0393522 0.104555 0.0422097 0.345038 0.349046 0.0994871 0.0187688 0.000407945 9.04193e-05 7.02712e-05 0.000204757 0.000470812 1.70726e-05 1.50348e-05 1.15394e-06 5.40524e-05 
2.26725e-05 9.15646e-05 0.0172504 0.0351865 0.0102786 0.176389 0.645092 0.102832 0.0121378 0.000221618 4.90042e-05 3.80612e-05 0.000110768 0.000254097 9.19684e-06 8.09768e-06 6.21464e-07 2.91051e-05 
0.246971 0.118106 0.0599239 0.000530258 1.3724e-05 5.0723e-05 7.47275e-05 0.00152098 0.00571506 0.00283442 0.0010573 0.000987182 0.00463998 0.102275 0.0230897 0.0386364 0.00407022 0.389504 
0.281723 0.0544052 0.0254647 0.000225083 5.82668e-06 2.15353e-05 3.17274e-05 0.000646135 0.00243062 0.00120753 0.000450854 0.00042114 0.0019822 0.0467378 0.0114875 0.0216327 0.00250093 0.548625 
0.0602895 0.0294183 0.0224383 0.000255563 6.64277e-06 2.45564e-05 3.61936e-05 0.000745389 0.00286511 0.0014667 0.000556084 0.000523118 0.00251593 0.118246 0.0486299 0.148564 0.0225547 0.540864 
2.00107e-05 8.09919e-05 0.0304545 0.324647 0.259329 0.300684 0.0498293 0.0270823 0.00724565 0.000191358 4.25538e-05 3.30999e-05 9.66107e-05 0.000222877 8.10318e-06 7.13776e-06 5.47884e-07 2.56702e-05 
1.89312e-05 7.65827e-05 0.0231805 0.115007 0.150129 0.578082 0.0938374 0.0316419 0.00743176 0.000181982 4.04144e-05 3.14248e-05 9.16577e-05 0.000211166 7.66919e-06 6.75479e-06 5.18468e-07 2.42895e-05 
0.00014762 0.000597968 0.187522 0.37793 0.0380179 0.113734 0.0988662 0.132408 0.0461654 0.00140008 0.000312018 0.000242834 0.000709554 0.00164039 5.97397e-05 5.26306e-05 4.04009e-06 0.000189322 
0.000969042 0.0038463 0.16092 0.059789 0.00287349 0.0110985 0.0179231 0.351547 0.356944 0.0112496 0.00237969 0.00182716 0.00519798 0.0114085 0.000398446 0.000349652 2.67997e-05 0.00125085 
0.00187014 0.00763644 0.461327 0.115223 0.00307701 0.011232 0.0160824 0.149782 0.178644 0.0159345 0.00366814 0.00287737 0.00853345 0.0202542 0.000751843 0.000663472 5.09626e-05 0.00239211 
0.000448029 0.0018228 0.387896 0.291679 0.00928353 0.0315586 0.0387197 0.139292 0.0856579 0.00406479 0.000916384 0.000715332 0.00210262 0.00491692 0.000180686 0.00015932 1.2234e-05 0.000573792 
0.00164054 0.00623447 0.11614 0.0207966 0.000747343 0.00281721 0.00432741 0.222471 0.547038 0.031023 0.00570526 0.00423527 0.0113039 0.0220215 0.000697984 0.000607352 4.63999e-05 0.00214722 
0.023958 0.142325 0.555713 0.0065354 0.000163344 0.00060268 0.000884715 0.0163998 0.0514219 0.019487 0.0063711 0.00561023 0.02198 0.107301 0.00701926 0.00670356 0.000530479 0.0269929 
0.00113259 0.00402111 0.0437605 0.00480653 0.00015302 0.000572133 0.000863772 0.0731273 0.737499 0.0862571 0.008076 0.00544283 0.0125152 0.0192788 0.000508745 0.000436769 3.31939e-05 0.00151541 
0.00200559 0.00675839 0.0545075 0.00447677 0.000134553 0.000501298 0.000751129 0.0299185 0.493398 0.279949 0.028889 0.0174535 0.0343871 0.0423402 0.000940129 0.00079864 6.04451e-05 0.00273034 
0.0263313 0.0296969 0.0354397 0.000535047 1.39915e-05 5.17377e-05 7.63036e-05 0.00159785 0.00634111 0.00338961 0.00131355 0.00124809 0.00618491 0.650475 0.122274 0.0426393 0.00237001 0.0700222 
0.000556673 0.00176451 0.0110338 0.000717546 2.08403e-05 7.74915e-05 0.000115629 0.00367088 0.14133 0.708679 0.0682063 0.0214778 0.023937 0.0171157 0.000275127 0.000230666 1.73678e-05 0.000774247 
0.000154876 0.000624123 0.0793205 0.0947343 0.0127076 0.0622233 0.15558 0.48043 0.10924 0.00154719 0.000340189 0.000263836 0.000765614 0.00174648 6.2931e-05 5.53864e-05 4.24999e-06 0.000198955 
0.00036446 0.00146645 0.141623 0.115551 0.00963765 0.0399678 0.0733293 0.422655 0.183573 0.00369532 0.000809486 0.000627188 0.00181644 0.00412766 0.00014827 0.000130455 1.00091e-05 0.000468418 
0.000225027 0.000905722 0.0967216 0.0932413 0.00977589 0.0439284 0.0962259 0.49616 0.155522 0.00227525 0.000498718 0.000386473 0.0011197 0.00254628 9.15225e-05 8.05312e-05 6.17888e-06 0.000289184 
0.000209052 0.000838513 0.0678717 0.0507206 0.00434516 0.0187644 0.0390344 0.571745 0.239553 0.0021905 0.000475616 0.000367679 0.00106021 0.00238917 8.52567e-05 7.49674e-05 5.75049e-06 0.000268951 
0.0693889 0.585641 0.261565 0.000422369 1.08142e-05 3.99475e-05 5.87873e-05 0.00116235 0.00413323 0.00189685 0.000680656 0.000624371 0.00277807 0.0301951 0.00397235 0.00477229 0.000417445 0.032241 
0.0649636 0.371893 0.378096 0.00143903 3.67161e-05 0.000135606 0.000199488 0.0039075 0.0136455 0.00609853 0.00215931 0.00196868 0.00859161 0.0773798 0.0085723 0.00950925 0.000799744 0.0506044 
0.16488 0.629535 0.117236 0.000308073 7.90985e-06 2.92229e-05 4.30172e-05 0.000856886 0.00309019 0.00144672 0.000524243 0.000483026 0.00217897 0.0270844 0.00397566 0.00505542 0.000456213 0.0428088 
1.59684e-05 6.45474e-05 0.0150216 0.0414175 0.0186561 0.435025 0.442508 0.0396231 0.00716309 0.000154689 3.42847e-05 2.66447e-05 7.7636e-05 0.000178507 6.47284e-06 5.70023e-06 4.37499e-07 2.04931e-05 
0.302423 0.180442 0.0736882 0.00056288 1.45396e-05 5.37321e-05 7.91447e-05 0.00160227 0.00595882 0.00291295 0.00107862 0.00100368 0.0046684 0.0856158 0.0169245 0.0258339 0.00258859 0.294549 
0.184933 0.203961 0.132112 0.00114437 2.9573e-05 0.000109292 0.000160988 0.00326269 0.012155 0.00595343 0.00220591 0.0020531 0.00955466 0.160851 0.0279108 0.0363814 0.00323469 0.213987 
7.16105e-06 2.89822e-05 0.0106671 0.129731 0.404407 0.422596 0.0197804 0.00994086 0.00261676 6.85188e-05 1.52348e-05 1.18497e-05 3.45839e-05 7.9772e-05 2.89994e-06 2.55442e-06 1.96072e-07 9.18656e-06 
7.99063e-06 3.23426e-05 0.012322 0.551273 0.267013 0.13642 0.0191263 0.0106752 0.00287894 7.6388e-05 1.69884e-05 1.32145e-05 3.85716e-05 8.89907e-05 3.23566e-06 2.85018e-06 2.18776e-07 1.02505e-05 
3.01935e-05 0.000122107 0.0330009 0.118397 0.0790297 0.473826 0.225036 0.0571866 0.0124188 0.000291082 6.4595e-05 5.0217e-05 0.000146414 0.000337066 1.22344e-05 1.07751e-05 8.27031e-07 3.8743e-05 
8.16677e-05 0.000331196 0.221086 0.567667 0.0232469 0.0586123 0.0431906 0.0602689 0.0229821 0.000765855 0.000171166 0.000133313 0.000390122 0.00090456 3.30196e-05 2.90968e-05 2.23376e-06 0.0001047 
0.000439701 0.00173769 0.0691011 0.0262115 0.00134027 0.00524157 0.00871741 0.43411 0.437127 0.00540092 0.00112236 0.000858253 0.00242326 0.00524778 0.000181426 0.00015907 1.21881e-05 0.000568373 
0.000958583 0.00373589 0.101497 0.0262614 0.00108523 0.00414096 0.00652845 0.320436 0.497151 0.0137398 0.00273226 0.0020672 0.00571966 0.0119253 0.000399877 0.000349653 2.67629e-05 0.00124462 
0.000436521 0.00174231 0.101785 0.0542495 0.00343063 0.0138138 0.0244581 0.468848 0.316357 0.00481026 0.00103058 0.000793995 0.00227427 0.00505978 0.000178713 0.000156995 1.20381e-05 0.000562477 
0.00146396 0.00613558 0.672259 0.109277 0.00159351 0.00573817 0.00800286 0.0692911 0.0882456 0.0100092 0.00241623 0.00192156 0.00586709 0.014794 0.000576719 0.000511488 3.93641e-05 0.00185715 
0.000797495 0.00326997 0.517266 0.207668 0.00422333 0.0148583 0.019705 0.111822 0.0971412 0.00670431 0.00154073 0.00120881 0.00358953 0.00856297 0.000319657 0.000282287 2.1689e-05 0.00101882 
0.00469029 0.0193292 0.467364 0.0516044 0.00133529 0.00492096 0.00720242 0.107592 0.208961 0.0337531 0.00821058 0.00652673 0.0198374 0.0490412 0.00187026 0.00165391 0.000127142 0.00598011 
0.000227384 0.000928261 0.495515 0.359863 0.0047193 0.0154015 0.0177381 0.0603942 0.0384136 0.00200026 0.000454262 0.000355305 0.00104863 0.00247237 9.14589e-05 8.0697e-05 6.19815e-06 0.000290897 
0.000162076 0.000658736 0.34496 0.449906 0.0123557 0.0369901 0.0359606 0.0770651 0.0369751 0.0014873 0.000334244 0.000260704 0.00076512 0.00178407 6.54167e-05 5.76697e-05 4.42803e-06 0.000207639 
0.000647366 0.00245769 0.0464866 0.00864195 0.000317327 0.0011987 0.00184968 0.255282 0.651612 0.0128765 0.00229914 0.00170046 0.0045146 0.00873432 0.000275686 0.00023983 1.83206e-05 0.000847614 
0.0020579 0.00754744 0.100851 0.0130988 0.00043049 0.0016127 0.00244467 0.138808 0.600691 0.0625408 0.00979437 0.0070256 0.0176618 0.0309734 0.000900356 0.000778056 5.9282e-05 0.00272426 
0.00160204 0.00555953 0.0524566 0.00499652 0.000154202 0.000575414 0.000865076 0.0439895 0.62933 0.180133 0.0155527 0.00996382 0.0213771 0.0298768 0.00073308 0.00062648 4.75262e-05 0.00215972 
0.000758252 0.00255933 0.0209491 0.00175437 5.29517e-05 0.000197331 0.000295837 0.0123708 0.572074 0.339731 0.0115858 0.00680889 0.013148 0.0160029 0.00035505 0.000301691 2.28358e-05 0.00103178 
0.00156803 0.00510307 0.0353091 0.00252058 7.41532e-05 0.000275927 0.000412359 0.0141253 0.329132 0.448294 0.0523809 0.025907 0.0413229 0.0399699 0.000757171 0.000638489 4.81841e-05 0.00216048 
0.0287748 0.455279 0.441 0.000607241 1.5473e-05 5.71436e-05 8.40519e-05 0.00164073 0.00569345 0.0025223 0.000889532 0.000809628 0.00351537 0.0309904 0.00340985 0.00379237 0.000319652 0.0205995 
0.0298478 0.274314 0.534715 0.00218378 5.52296e-05 0.000203895 0.000299677 0.00573421 0.0191452 0.00800842 0.00274612 0.00246838 0.0103047 0.0692343 0.00599239 0.00614625 0.00050048 0.0281 
0.066594 0.228052 0.348725 0.00321548 8.22703e-05 0.000303894 0.00044718 0.0088192 0.0311468 0.0141034 0.00501396 0.00457698 0.0200208 0.164821 0.0157852 0.0161899 0.00131291 0.0707893 
0.252188 0.439809 0.116911 0.000541394 1.39238e-05 5.14455e-05 7.57426e-05 0.00151553 0.00551185 0.00261124 0.000951774 0.000879269 0.00399913 0.054079 0.00845134 0.0110804 0.00101569 0.100314 
0.0719317 0.787937 0.107509 0.000122266 3.13725e-06 1.15902e-05 1.70601e-05 0.00033927 0.00121972 0.00056856 0.000205594 0.00018925 0.00085123 0.0103002 0.00148218 0.00186668 0.000167598 0.0152782 
0.189526 0.316513 0.170672 0.00107027 2.75487e-05 0.000101791 0.000149879 0.00300544 0.0109736 0.00522595 0.00190935 0.00176572 0.00805576 0.108785 0.0165676 0.0209275 0.00186258 0.142861 
0.101153 0.140503 0.148971 0.0017974 4.66563e-05 0.000172463 0.000254157 0.0052124 0.0198514 0.010016 0.00376538 0.00352756 0.0167457 0.28977 0.0426903 0.0460631 0.00368883 0.165772 
6.07003e-05 0.000245791 0.109586 0.464724 0.083505 0.169699 0.0817597 0.0680298 0.0204906 0.000577863 0.000128653 0.000100101 0.000292347 0.000675214 2.45714e-05 2.16459e-05 1.66156e-06 7.78568e-05 
0.00211539 0.0082536 0.200012 0.042643 0.00156561 0.00590163 0.00906058 0.233687 0.41474 0.0287151 0.00585752 0.004452 0.0124078 0.0261318 0.000881402 0.000770943 5.90159e-05 0.00274538 
0.000787905 0.00315444 0.190259 0.0936052 0.00509331 0.0197954 0.0322284 0.356849 0.271916 0.00837605 0.00181343 0.00140067 0.00403139 0.00904863 0.000321785 0.000282851 2.16936e-05 0.00101425 
0.00144236 0.00578868 0.291071 0.100295 0.00390692 0.0146392 0.0221222 0.250247 0.263286 0.0147723 0.00323787 0.00250797 0.00725562 0.0164285 0.000587878 0.000517013 3.96607e-05 0.00185521 
0.000570401 0.00229367 0.186641 0.119245 0.0076799 0.0302941 0.0504997 0.369682 0.214519 0.00581071 0.00127169 0.000985023 0.00285108 0.00647033 0.000232159 0.000204242 1.56697e-05 0.000733243 
0.000205867 0.000823277 0.0548759 0.034039 0.00249156 0.0103775 0.0199128 0.564739 0.305598 0.00222462 0.000479075 0.000369581 0.00106135 0.00237308 8.4155e-05 7.39556e-05 5.67162e-06 0.000265106 
0.000789024 0.00320456 0.370699 0.201351 0.00736856 0.0263354 0.0357809 0.189927 0.140322 0.00725491 0.00163118 0.00127229 0.00373332 0.00869808 0.000318628 0.00028086 2.15641e-05 0.00101105 
0.000373733 0.00154115 0.650299 0.235067 0.00183802 0.00638027 0.00827545 0.0453991 0.0402368 0.00299237 0.000695153 0.000547073 0.00163498 0.00395233 0.000149141 0.000131849 1.01346e-05 0.000476592 
0.000831595 0.00305162 0.0418958 0.00572013 0.000191795 0.000719621 0.00109454 0.157835 0.731861 0.0283091 0.00405289 0.00288749 0.00720324 0.0125437 0.000363773 0.000314366 2.39526e-05 0.00110077 
0.000575303 0.00201039 0.019863 0.00199002 6.21348e-05 0.000232033 0.000349396 0.0222533 0.789305 0.135891 0.00513659 0.00333208 0.00727758 0.0104458 0.000261791 0.000224031 1.70046e-05 0.000773808 
0.003936 0.0125245 0.0775166 0.00489649 0.000141279 0.000525117 0.0007829 0.0235974 0.229306 0.267281 0.090295 0.0604557 0.111052 0.108544 0.00193526 0.00162476 0.0001224 0.00546358 
0.0407063 0.204771 0.459669 0.00420454 0.000106477 0.000393115 0.000577862 0.0110935 0.0372454 0.0156845 0.00538828 0.00484534 0.0202302 0.129776 0.0104136 0.0103337 0.000829057 0.0437321 
0.298504 0.550277 0.0595174 0.000231607 5.95582e-06 2.20054e-05 3.23979e-05 0.000648045 0.00235562 0.00111525 0.000406395 0.000375399 0.00170695 0.0232702 0.003688 0.00490926 0.000455093 0.0524787 
0.119405 0.334503 0.260854 0.00151594 3.88966e-05 0.000143699 0.000211515 0.00420525 0.0151033 0.00702392 0.00253535 0.00233156 0.0104517 0.114364 0.0145363 0.0168073 0.00143509 0.0945341 
0.141801 0.151617 0.120674 0.00125343 3.24833e-05 0.000120064 0.000176907 0.00361291 0.0136574 0.0068258 0.00255505 0.0023892 0.0112797 0.221582 0.0406348 0.051754 0.00443601 0.225598 
0.0702222 0.154163 0.235866 0.00326542 8.46811e-05 0.000313004 0.000461218 0.00942287 0.0355165 0.01758 0.00652476 0.00607264 0.0282069 0.282647 0.0268299 0.0256212 0.00201066 0.0951918 
4.33906e-05 0.000175833 0.138111 0.653813 0.0359746 0.0761342 0.0406607 0.0403092 0.0134266 0.000409984 9.14526e-05 7.11923e-05 0.000208125 0.000481631 1.7554e-05 1.54663e-05 1.18728e-06 5.56412e-05 
0.0029098 0.0116453 0.33178 0.0650772 0.00206782 0.0076908 0.0114709 0.181322 0.291491 0.0290966 0.00648552 0.00503831 0.0146352 0.0332317 0.00118804 0.00104442 8.01061e-05 0.0037455 
0.00140856 0.00555005 0.175046 0.0494283 0.00206034 0.0078517 0.0123342 0.295352 0.399224 0.0175643 0.00364852 0.00278809 0.00785754 0.0169319 0.000582472 0.000510424 3.91012e-05 0.00182241 
0.000394864 0.00158357 0.12012 0.0795027 0.00575913 0.0235637 0.0428735 0.465396 0.247732 0.00414128 0.000899078 0.00069501 0.00200384 0.00451441 0.000161054 0.000141613 1.08626e-05 0.000508028 
0.00125963 0.00510796 0.372684 0.143845 0.00498821 0.0182529 0.0261753 0.20101 0.187812 0.0116636 0.00262176 0.00204439 0.00599426 0.0139339 0.000509246 0.00044876 3.44516e-05 0.00161484 
0.00239669 0.00766661 0.0491844 0.00325427 9.46477e-05 0.000351957 0.00052525 0.0166963 0.240044 0.380608 0.100433 0.0500762 0.0761213 0.0669907 0.00117429 0.000986679 7.4355e-05 0.00332188 
0.00314477 0.0103446 0.0738536 0.00536523 0.000157942 0.00058772 0.000878345 0.0295654 0.343558 0.295036 0.0570112 0.0344934 0.0652967 0.0735211 0.00150346 0.001271 9.60123e-05 0.00431571 
0.00537892 0.0176617 0.120409 0.00811824 0.000235271 0.000874649 0.00130456 0.03915 0.288452 0.202319 0.0545387 0.0395668 0.0905836 0.119119 0.00256968 0.00217305 0.000164172 0.00738083 
0.00642597 0.0229567 0.212882 0.017145 0.000500161 0.00185968 0.00277452 0.0766491 0.334384 0.111897 0.0261313 0.019902 0.0536358 0.0987891 0.0028561 0.0024594 0.000187122 0.00856533 
0.00386587 0.0131777 0.109069 0.00893267 0.000267065 0.000994626 0.00148914 0.0523128 0.41332 0.1988 0.0357 0.0241538 0.0538775 0.0753635 0.00179269 0.00152709 0.000115702 0.0052404 
0.00692903 0.0235044 0.17488 0.0121328 0.000349797 0.00129991 0.00193723 0.0541431 0.291277 0.144513 0.0385451 0.0296337 0.0777695 0.127529 0.00321387 0.0027382 0.000207473 0.00939643 
0.0122758 0.0436815 0.296201 0.015328 0.00041768 0.00154736 0.0022909 0.0511212 0.19593 0.0805755 0.0244733 0.0205563 0.0671951 0.161679 0.00539629 0.00466408 0.000355341 0.0163103 
0.00449139 0.0158243 0.149234 0.0132653 0.000399543 0.00148854 0.00223026 0.0759174 0.423613 0.137256 0.0260942 0.0187122 0.0461091 0.0754526 0.00202455 0.00173693 0.000131966 0.00601943 
0.00411568 0.0152032 0.193029 0.0217791 0.000678943 0.00253391 0.00381039 0.120126 0.428672 0.0821879 0.0161341 0.011983 0.031662 0.0591993 0.00178765 0.00154778 0.000118015 0.00543314 
0.0340509 0.077401 0.177473 0.00400705 0.000105749 0.000391212 0.000577507 0.0123929 0.051364 0.0289245 0.0114683 0.0110025 0.0560032 0.44204 0.0216266 0.0171254 0.0012595 0.0527867 
0.0491107 0.0758944 0.112337 0.00191257 5.01398e-05 0.00018543 0.000273546 0.00576789 0.0231872 0.0126039 0.00492444 0.00469628 0.0235241 0.502801 0.0505253 0.0358924 0.00251751 0.0937955 
0.114967 0.223037 0.218427 0.00204938 5.28611e-05 0.000195338 0.00028768 0.00579901 0.021365 0.0102878 0.00377561 0.00349791 0.0160392 0.195003 0.0251044 0.0280129 0.00232968 0.129769 
0.00284972 0.0107607 0.172846 0.0249818 0.000827845 0.00310158 0.00470225 0.167305 0.476942 0.0532175 0.0100761 0.0074962 0.0200208 0.0387785 0.00121795 0.00105865 8.08434e-05 0.00373691 
0.00314505 0.0113772 0.132636 0.0147138 0.000463665 0.00173211 0.00261011 0.10854 0.514882 0.0973102 0.0161787 0.0115719 0.0287992 0.049179 0.00139019 0.00119836 9.12171e-05 0.00418109 
0.0216085 0.0673339 0.266661 0.00857899 0.000227997 0.000843724 0.00124631 0.0270124 0.110464 0.0576674 0.0209439 0.0190178 0.0782283 0.270791 0.0102802 0.00872646 0.000660075 0.0297089 
0.0317141 0.0904875 0.259582 0.00622634 0.000163687 0.000605428 0.000893336 0.0188682 0.0746361 0.0383602 0.0141733 0.0130762 0.0580579 0.318907 0.0156702 0.0132004 0.000995316 0.0443824 
0.0125405 0.0339594 0.125114 0.00465738 0.000126896 0.000470207 0.000696488 0.0165191 0.0838725 0.0607396 0.027138 0.0272756 0.153593 0.421577 0.00709238 0.00575621 0.000427775 0.0184437 
0.00565418 0.0153145 0.0586342 0.00235929 6.49344e-05 0.000240742 0.000357006 0.0088325 0.0514669 0.048393 0.0276439 0.0325334 0.29904 0.43514 0.00320714 0.0026008 0.000193218 0.00832453 
0.0164171 0.0387717 0.104518 0.00298194 8.00628e-05 0.00029645 0.000438433 0.00995257 0.0467185 0.0313753 0.0137616 0.013851 0.0809087 0.595367 0.0103922 0.00821978 0.000604351 0.025345 
0.000951484 0.00286103 0.0149406 0.000817806 2.32375e-05 8.62995e-05 0.000128441 0.00363501 0.0353689 0.10014 0.193166 0.394064 0.203109 0.0484268 0.000492975 0.00040853 3.06178e-05 0.00134903 
0.424948 0.240184 0.0537885 0.000344445 8.88363e-06 3.28277e-05 4.8346e-05 0.000974739 0.00359691 0.00173938 0.000640584 0.000594601 0.00274462 0.0454615 0.00839322 0.0123344 0.0012135 0.202952 
0.586805 0.124756 0.0208316 0.00013785 3.55703e-06 1.31446e-05 1.93593e-05 0.000390828 0.00144585 0.000701697 0.000258902 0.000240522 0.00111319 0.0193496 0.00373034 0.00568736 0.000573409 0.233942 
0.730356 0.127353 0.00930483 5.76363e-05 1.48645e-06 5.49289e-06 8.08944e-06 0.000163083 0.000601721 0.000290944 0.000107148 9.94571e-05 0.000459098 0.00768359 0.0014392 0.00214959 0.00021401 0.119705 
0.557251 0.263585 0.0273473 0.000158413 4.08322e-06 1.50883e-05 2.22194e-05 0.000447264 0.00164548 0.000792383 0.000291217 0.000270058 0.00124295 0.0199066 0.00359659 0.00522769 0.000511509 0.117685 
0.0852248 0.066187 0.0580523 0.000700847 1.82328e-05 6.74042e-05 9.93559e-05 0.00205105 0.00791931 0.00407877 0.00155113 0.00146119 0.00705691 0.264622 0.0773293 0.126291 0.00995552 0.287334 
0.0008293 0.00258789 0.015288 0.000941875 2.71597e-05 0.000100948 0.000150502 0.00458986 0.0753112 0.439059 0.308822 0.0682208 0.0530878 0.0290348 0.000415601 0.000347244 2.61097e-05 0.00115995 
9.4855e-05 0.000383337 0.0793638 0.165335 0.0398926 0.201131 0.261978 0.205841 0.0429774 0.000920897 0.000203991 0.000158511 0.000461726 0.00106103 3.84566e-05 3.38649e-05 2.59912e-06 0.000121741 
9.50578e-05 0.000383828 0.0674315 0.118743 0.025065 0.145271 0.304217 0.285274 0.0504949 0.000930847 0.000205735 0.000159773 0.000464871 0.0010659 3.85648e-05 3.39545e-05 2.60583e-06 0.000122035 
0.000170792 0.000690593 0.14037 0.238523 0.0340109 0.131332 0.159697 0.223992 0.0658256 0.00164885 0.000365785 0.000284341 0.000828878 0.00190748 6.92136e-05 6.0956e-05 4.67855e-06 0.000219164 
6.90993e-05 0.00027942 0.0693587 0.188786 0.0632517 0.28739 0.233617 0.126484 0.0285844 0.000666821 0.000147939 0.000115002 0.000335258 0.000771614 2.80013e-05 2.46609e-05 1.8928e-06 8.86682e-05 
0.000274629 0.00110871 0.156644 0.178406 0.0183667 0.0749985 0.120931 0.326425 0.114102 0.00269246 0.000594967 0.00046202 0.00134408 0.00308078 0.000111431 9.81066e-05 7.52909e-06 0.000352587 
0.000463468 0.00187218 0.228438 0.191398 0.0128844 0.0486716 0.0717677 0.286168 0.143638 0.00451192 0.00099907 0.000776216 0.00226028 0.00518987 0.000187964 0.000165508 1.27023e-05 0.000594917 
0.00010796 0.000436836 0.118843 0.293165 0.0566023 0.190672 0.155911 0.141256 0.0396123 0.00103527 0.00023006 0.000178916 0.000522022 0.00120342 4.37275e-05 3.85157e-05 2.95634e-06 0.000138507 
0.00028758 0.00116454 0.229674 0.283337 0.0215317 0.0749724 0.0899969 0.204688 0.0853531 0.00273449 0.000609061 0.000473939 0.00138438 0.00319826 0.000116407 0.000102548 7.87175e-06 0.000368855 
0.000429001 0.0017394 0.291693 0.257242 0.0140884 0.0495017 0.063094 0.203125 0.105768 0.00402621 0.000899893 0.000700873 0.00205085 0.00475387 0.000173479 0.000152864 1.17352e-05 0.000550024 
0.000204999 0.00083125 0.260584 0.383516 0.0223784 0.069312 0.0687631 0.132224 0.0558216 0.00192425 0.000429984 0.000334876 0.000979852 0.00227134 8.28927e-05 7.30431e-05 5.60745e-06 0.000262824 
0.100246 0.103493 0.0973214 0.00116791 3.03556e-05 0.000112216 0.000165393 0.00340513 0.0130751 0.00667978 0.00252899 0.00237734 0.0114068 0.30315 0.0623234 0.0714829 0.00559722 0.215437 
4.2081e-05 0.00017033 0.0654612 0.345705 0.152196 0.272097 0.0925115 0.0554061 0.0150899 0.000402172 8.9448e-05 6.95787e-05 0.0002031 0.000468615 1.70396e-05 1.50097e-05 1.15213e-06 5.39817e-05 
0.00259543 0.00801575 0.0453073 0.00265947 7.61611e-05 0.000282968 0.000421525 0.0123621 0.132779 0.272136 0.168458 0.109145 0.145483 0.094146 0.00131195 0.00109387 8.21806e-05 0.00364315 
0.00388529 0.0118013 0.0623692 0.00339956 9.63914e-05 0.000357934 0.000532573 0.0148458 0.123558 0.180811 0.113338 0.114459 0.211764 0.149526 0.00199159 0.0016549 0.000124162 0.00548517 
0.00601044 0.0188784 0.108634 0.00628545 0.000178969 0.000664705 0.000989441 0.0277221 0.2003 0.182817 0.0696385 0.0577157 0.141368 0.16475 0.00298332 0.00249904 0.000188095 0.00837635 
0.00193655 0.00771012 0.262205 0.0702363 0.00263298 0.00989306 0.0150641 0.241165 0.323144 0.0211944 0.00457877 0.00353203 0.0101311 0.0225335 0.000794151 0.00069737 5.34651e-05 0.0024971 
0.00663279 0.0254371 0.329556 0.0291818 0.000824135 0.00305672 0.00453612 0.0960699 0.27743 0.0657645 0.0159937 0.0125889 0.0369584 0.0819145 0.00278944 0.00243505 0.000186255 0.00864428 
0.00494683 0.0195499 0.350676 0.0407484 0.00117946 0.00437686 0.00650122 0.125307 0.286202 0.0475286 0.0110522 0.00864971 0.0253505 0.0575805 0.00203682 0.00178707 0.000136962 0.00639034 
0.00866285 0.0316142 0.285932 0.0202363 0.000567665 0.00210565 0.00312559 0.0720192 0.260973 0.0860346 0.0224845 0.017939 0.0534072 0.116175 0.00376458 0.00326116 0.000248692 0.0114478 
0.010913 0.0459843 0.493932 0.0222629 0.000558292 0.00205961 0.00302239 0.0537483 0.147157 0.0423494 0.0120848 0.0100813 0.0338891 0.0998662 0.00424115 0.00377726 0.000291138 0.0137822 
0.00728552 0.0297639 0.442864 0.0325668 0.000853586 0.00315343 0.00464063 0.0827998 0.207141 0.0467544 0.0119607 0.0096206 0.0298481 0.075751 0.00291569 0.00257678 0.000198032 0.0093059 
0.0225197 0.0880033 0.418376 0.0104218 0.000267966 0.00099 0.00145729 0.0287087 0.0979384 0.0401388 0.013236 0.0116374 0.0447594 0.175742 0.00874961 0.00783259 0.00060454 0.0286161 
0.0153213 0.0582608 0.389789 0.0156968 0.000407896 0.00150761 0.00222116 0.0441888 0.147962 0.0558075 0.0172089 0.0146706 0.0512165 0.153634 0.0062985 0.00554222 0.000425114 0.0198421 
0.0134298 0.0429906 0.219015 0.00990324 0.000270994 0.00100429 0.001488 0.0349399 0.161152 0.0921903 0.0330187 0.0291739 0.101489 0.229202 0.00642156 0.00543558 0.000410758 0.0184635 
0.0130474 0.0660349 0.643426 0.0112257 0.000274177 0.00101049 0.00147988 0.0258627 0.0725386 0.0230977 0.00703069 0.00602406 0.0218818 0.0827303 0.00440473 0.00405982 0.000317038 0.0155542 
0.00531631 0.0231135 0.637328 0.0334069 0.000739761 0.00271438 0.00393856 0.0574398 0.122277 0.0252185 0.00663431 0.00540676 0.0173748 0.0484372 0.00203309 0.00181655 0.000140198 0.00666404 
0.0101256 0.0301923 0.142276 0.00658657 0.000182432 0.000676554 0.0010039 0.025053 0.138052 0.10452 0.0445715 0.0419349 0.152007 0.278516 0.00525303 0.00435309 0.000326236 0.0143696 
4.62303e-05 0.000186497 0.0286983 0.0448777 0.00888554 0.0608994 0.383902 0.437707 0.0333188 0.000456996 0.000100756 7.81971e-05 0.000227234 0.000519763 1.87692e-05 1.65225e-05 1.26793e-06 5.93679e-05 
9.52487e-05 0.000384225 0.0576288 0.084944 0.014808 0.0829498 0.260013 0.432159 0.0639694 0.000941922 0.00020765 0.000161155 0.000468277 0.001071 3.86718e-05 3.40423e-05 2.61238e-06 0.000122318 
