1 0 0 0 0 0 0 0 0 0 0 0 0 0 0 0 0 0 
0.8 0.2 0 0 0 0 0 0 0 0 0 0 0 0 0 0 0 0 
0.6 0.4 0 0 0 0 0 0 0 0 0 0 0 0 0 0 0 0 
0.4 0.6 0 0 0 0 0 0 0 0 0 0 0 0 0 0 0 0 
0.2 0.8 0 0 0 0 0 0 0 0 0 0 0 0 0 0 0 0 
0 1 0 0 0 0 0 0 0 0 0 0 0 0 0 0 0 0 
0 0.8 0.2 0 0 0 0 0 0 0 0 0 0 0 0 0 0 0 
0 0.6 0.4 0 0 0 0 0 0 0 0 0 0 0 0 0 0 0 
0 0.4 0.6 0 0 0 0 0 0 0 0 0 0 0 0 0 0 0 
0 0.2 0.8 0 0 0 0 0 0 0 0 0 0 0 0 0 0 0 
0 0 1 0 0 0 0 0 0 0 0 0 0 0 0 0 0 0 
0 0 0.833333 0.166667 0 0 0 0 0 0 0 0 0 0 0 0 0 0 
0 0 0.666667 0.333333 0 0 0 0 0 0 0 0 0 0 0 0 0 0 
0 0 0.5 0.5 0 0 0 0 0 0 0 0 0 0 0 0 0 0 
0 0 0.333333 0.666667 0 0 0 0 0 0 0 0 0 0 0 0 0 0 
0 0 0.166667 0.833333 0 0 0 0 0 0 0 0 0 0 0 0 0 0 
0 0 0 1 0 0 0 0 0 0 0 0 0 0 0 0 0 0 
0 0 0 0.5 0.5 0 0 0 0 0 0 0 0 0 0 0 0 0 
0 0 0 0 1 0 0 0 0 0 0 0 0 0 0 0 0 0 
0 0 0 0 0.666667 0.333333 0 0 0 0 0 0 0 0 0 0 0 0 
0 0 0 0 0.333333 0.666667 0 0 0 0 0 0 0 0 0 0 0 0 
0 0 0 0 0 1 0 0 0 0 0 0 0 0 0 0 0 0 
0 0 0 0 0 0.666667 0.333333 0 0 0 0 0 0 0 0 0 0 0 
0 0 0 0 0 0.333333 0.666667 0 0 0 0 0 0 0 0 0 0 0 
0 0 0 0 0 0 1 0 0 0 0 0 0 0 0 0 0 0 
0 0 0 0 0 0 0.666667 0.333333 0 0 0 0 0 0 0 0 0 0 
0 0 0 0 0 0 0.333333 0.666667 0 0 0 0 0 0 0 0 0 0 
0 0 0 0 0 0 0 1 0 0 0 0 0 0 0 0 0 0 
0 0 0 0 0 0 0 0.888889 0.111111 0 0 0 0 0 0 0 0 0 
0 0 0 0 0 0 0 0.777778 0.222222 0 0 0 0 0 0 0 0 0 
0 0 0 0 0 0 0 0.666667 0.333333 0 0 0 0 0 0 0 0 0 
0 0 0 0 0 0 0 0.555556 0.444444 0 0 0 0 0 0 0 0 0 
0 0 0 0 0 0 0 0.444444 0.555556 0 0 0 0 0 0 0 0 0 
0 0 0 0 0 0 0 0.333333 0.666667 0 0 0 0 0 0 0 0 0 
0 0 0 0 0 0 0 0.222222 0.777778 0 0 0 0 0 0 0 0 0 
0 0 0 0 0 0 0 0.111111 0.888889 0 0 0 0 0 0 0 0 0 
0 0 0 0 0 0 0 0 1 0 0 0 0 0 0 0 0 0 
0 0 0 0 0 0 0 0 0.75 0.25 0 0 0 0 0 0 0 0 
0 0 0 0 0 0 0 0 0.5 0.5 0 0 0 0 0 0 0 0 
0 0 0 0 0 0 0 0 0.25 0.75 0 0 0 0 0 0 0 0 
0 0 0 0 0 0 0 0 0 1 0 0 0 0 0 0 0 0 
0 0 0 0 0 0 0 0 0 0.5 0.5 0 0 0 0 0 0 0 
0 0 0 0 0 0 0 0 0 0 1 0 0 0 0 0 0 0 
0 0 0 0 0 0 0 0 0 0 0.5 0.5 0 0 0 0 0 0 
0 0 0 0 0 0 0 0 0 0 0 1 0 0 0 0 0 0 
0 0 0 0 0 0 0 0 0 0 0 0.5 0.5 0 0 0 0 0 
0 0 0 0 0 0 0 0 0 0 0 0 1 0 0 0 0 0 
0 0 0 0 0 0 0 0 0 0 0 0 0.5 0.5 0 0 0 0 
0 0 0 0 0 0 0 0 0 0 0 0 0 1 0 0 0 0 
0 0 0 0 0 0 0 0 0 0 0 0 0 0.75 0.25 0 0 0 
0 0 0 0 0 0 0 0 0 0 0 0 0 0.5 0.5 0 0 0 
0 0 0 0 0 0 0 0 0 0 0 0 0 0.25 0.75 0 0 0 
0 0 0 0 0 0 0 0 0 0 0 0 0 0 1 0 0 0 
0 0 0 0 0 0 0 0 0 0 0 0 0 0 0.5 0.5 0 0 
0 0 0 0 0 0 0 0 0 0 0 0 0 0 0 1 0 0 
0 0 0 0 0 0 0 0 0 0 0 0 0 0 0 0.666667 0.333333 0 
0 0 0 0 0 0 0 0 0 0 0 0 0 0 0 0.333333 0.666667 0 
0 0 0 0 0 0 0 0 0 0 0 0 0 0 0 0 1 0 
0 0 0 0 0 0 0 0 0 0 0 0 0 0 0 0 0.666667 0.333333 
0 0 0 0 0 0 0 0 0 0 0 0 0 0 0 0 0.333333 0.666667 
0 0 0 0 0 0 0 0 0 0 0 0 0 0 0 0 0 1 
0.2 0 0 0 0 0 0 0 0 0 0 0 0 0 0 0 0 0.8 
0.4 0 0 0 0 0 0 0 0 0 0 0 0 0 0 0 0 0.6 
0.6 0 0 0 0 0 0 0 0 0 0 0 0 0 0 0 0 0.4 
0.8 0 0 0 0 0 0 0 0 0 0 0 0 0 0 0 0 0.2 
2.91024e-09 -2.32633e-10 -4.5816e-10 -5.13017e-10 -5.52641e-10 -7.50935e-10 -8.38025e-10 -8.11844e-10 0.0245202 0.388674 0.19784 0.0905755 0.202754 0.0956363 3.43351e-10 4.2486e-10 4.51504e-10 1.80226e-09 
9.22072e-10 1.46987e-10 6.35475e-11 5.47878e-10 5.71376e-10 8.14581e-10 9.47902e-10 9.40102e-10 0.0625214 0.236167 0.0028309 0.0652084 0.39779 0.235482 -3.73822e-10 -2.07924e-10 -5.28081e-10 3.34227e-10 
-2.18144e-09 -1.93329e-09 0.130398 0.25453 1.92592e-09 8.01549e-10 0.0902149 0.524259 0.000598419 -1.09655e-08 -1.05858e-08 -9.69733e-09 -8.61045e-09 -7.09731e-09 -8.57526e-09 -7.13779e-09 -6.8014e-09 -5.93396e-09 
-1.05912e-09 -8.95474e-10 0.0726506 0.10486 4.32854e-10 2.6647e-10 0.0352821 0.775074 0.0121336 -3.47066e-09 -3.45926e-09 -3.23298e-09 -2.91303e-09 -2.45174e-09 -3.04807e-09 -2.59265e-09 -2.63363e-09 -2.25176e-09 
0.143 0.399497 0.0203207 1.02544e-10 1.18896e-10 1.25916e-10 1.15713e-10 9.41332e-11 1.49997e-11 -1.94913e-11 -4.40206e-11 -3.32744e-11 -1.46694e-11 0.107319 -3.72908e-11 -1.13671e-11 -2.54359e-11 0.329863 
3.03305e-09 7.37574e-09 2.16893e-09 5.5751e-09 6.54656e-09 6.80119e-09 6.06216e-09 4.83812e-09 -4.11273e-10 -2.06668e-09 -2.11773e-09 -1.60318e-09 -8.33996e-10 5.69106e-10 -1.26913e-09 0.462799 0.0806475 0.456554 
-6.88398e-10 -9.48018e-10 0.0216913 0.211286 1.98459e-09 0.0306329 0.404056 0.332334 -1.02912e-08 -8.51323e-09 -8.06813e-09 -7.28843e-09 -6.39357e-09 -5.16233e-09 -6.16889e-09 -4.93961e-09 -4.40473e-09 -3.88886e-09 
0.282303 0.224321 9.61851e-12 8.19723e-11 9.34084e-11 1.02488e-10 9.78299e-11 8.35701e-11 1.6285e-11 -1.213e-11 -2.59225e-11 -1.98598e-11 -7.83845e-12 0.0271927 -2.79598e-11 -1.15084e-11 -2.3353e-11 0.466183 
0.274912 0.492352 4.92636e-12 4.04165e-11 4.62639e-11 4.94263e-11 4.62264e-11 3.84875e-11 1.00011e-11 -3.5334e-12 -1.41508e-11 -1.02499e-11 -3.26167e-12 0.0159405 -1.23186e-11 -2.53182e-12 -8.45773e-12 0.216795 
0.0278099 0.183715 0.00611804 3.51968e-10 4.02047e-10 4.42218e-10 4.21768e-10 3.60148e-10 5.57074e-11 -6.61086e-11 -1.14714e-10 -8.96739e-11 -3.92039e-11 0.310055 -1.31418e-10 -5.35052e-11 -1.05961e-10 0.472302 
0.0573288 0.0937284 3.04955e-10 4.76631e-10 5.40254e-10 6.07549e-10 5.91322e-10 5.16066e-10 8.56792e-11 -8.91345e-11 -1.3857e-10 -1.1227e-10 -5.35051e-11 0.141634 -1.76487e-10 -1.08047e-10 -1.74427e-10 0.707308 
4.76118e-10 0.000687548 6.06083e-10 1.15855e-09 1.29997e-09 1.50078e-09 1.49662e-09 1.33593e-09 2.73879e-10 -1.7993e-10 -3.06708e-10 -2.59182e-10 -1.28604e-10 0.335893 -5.95373e-10 0.134952 -4.1586e-10 0.528467 
-7.34876e-09 -6.8461e-09 0.00872022 0.479369 1.01562e-08 0.250183 0.110525 0.151203 -4.26672e-08 -4.51515e-08 -4.3073e-08 -3.91672e-08 -3.46069e-08 -2.82971e-08 -3.37035e-08 -2.78848e-08 -2.5837e-08 -2.2794e-08 
-6.24635e-10 -6.01418e-10 0.490341 0.0480235 8.62478e-10 6.04996e-10 3.77154e-10 0.388346 0.0732892 -4.29852e-09 -4.09133e-09 -3.72725e-09 -3.2945e-09 -2.75374e-09 -3.26409e-09 -2.68186e-09 -2.54514e-09 -2.18013e-09 
7.48274e-10 6.63531e-11 0.506227 1.57089e-10 2.44244e-10 1.45418e-10 5.15084e-11 0.0957536 0.397692 -1.03497e-09 -6.25645e-10 -5.2918e-10 -5.2852e-10 0.000327421 -3.76296e-10 -2.49542e-10 -1.27585e-10 7.96904e-12 
4.34121e-10 0.100324 0.399972 1.08462e-10 1.47099e-10 1.02354e-10 4.26898e-11 -2.30398e-11 3.54643e-12 -2.97165e-11 -1.74403e-10 -1.24226e-10 -7.91521e-11 0.498397 -4.48813e-11 2.4821e-11 3.36983e-11 0.00130609 
1.3299e-09 1.60325e-10 0.209481 1.00938e-10 1.35828e-10 5.66256e-11 -1.37711e-11 -1.4655e-10 0.655005 0.0404599 -1.19805e-10 -5.53723e-11 0.00030958 0.0947439 5.70615e-11 3.09294e-10 3.70878e-10 7.78205e-10 
-4.92653e-10 -5.22402e-10 3.57696e-11 -8.77114e-11 -1.64659e-10 3.34358e-11 2.29572e-10 3.505e-10 3.62723e-10 2.09713e-10 6.74226e-11 -1.13093e-11 -5.17831e-11 0.246253 0.301486 0.42896 -4.45809e-10 0.0233009 
-7.11691e-11 -9.14862e-10 -6.86837e-11 -2.75047e-10 -3.26755e-10 -3.40155e-10 -3.00526e-10 -2.35844e-10 4.79444e-11 1.36588e-10 1.29344e-10 1.03074e-10 6.5725e-11 0.475531 0.17088 0.141382 -3.25684e-13 0.212207 
2.49e-10 0.0771102 1.10387e-10 1.76523e-10 2.14571e-10 1.99022e-10 1.54694e-10 1.02183e-10 -3.95308e-11 -6.80361e-11 -8.9028e-11 -6.02403e-11 -1.9167e-11 0.609452 -1.25868e-11 4.42064e-11 -4.44929e-12 0.313438 
5.24073e-09 2.11063e-09 1.48134e-09 2.95892e-09 3.32025e-09 3.58447e-09 3.41689e-09 2.97916e-09 0.00352732 0.3296 0.487004 0.0785519 0.0756734 0.0256439 -1.11397e-10 3.54125e-10 1.44663e-10 2.80472e-09 
2.4818e-09 1.49865e-10 -2.84866e-10 5.74246e-11 9.86544e-11 2.06492e-11 -6.48597e-11 -1.31626e-10 0.146566 0.603646 0.00370845 -8.63661e-11 0.102928 0.143152 3.16746e-11 3.39463e-10 3.1948e-10 1.42417e-09 
8.23925e-10 1.06635e-09 1.34706e-09 1.89435e-09 2.11402e-09 2.49546e-09 2.53399e-09 2.28931e-09 0.0505768 0.104502 -9.34557e-10 -8.1144e-10 0.48098 0.363941 -6.7449e-10 -3.41935e-10 -7.09328e-10 6.15515e-11 
1.3598e-09 2.91553e-10 0.191004 3.48416e-10 4.25411e-10 3.88559e-10 3.03626e-10 1.80394e-10 0.272679 0.10071 -3.96714e-10 -2.59695e-10 0.0481125 0.387494 -9.35394e-11 1.22085e-10 4.06258e-10 6.18472e-10 
5.09359e-10 1.02519e-10 0.0578955 5.16007e-10 5.23644e-10 8.01541e-10 9.73999e-10 9.84705e-10 0.167408 0.155089 -5.07812e-10 -3.98534e-10 0.180411 0.439196 -4.38714e-10 -2.71942e-10 -7.58174e-10 1.42713e-10 
-6.67062e-10 -5.77923e-10 0.0459999 0.0309252 2.77943e-11 6.99148e-11 1.15653e-10 0.897999 0.0250762 -1.36457e-09 -1.43867e-09 -1.39057e-09 -1.28316e-09 -1.11787e-09 -1.43874e-09 -1.26898e-09 -1.40012e-09 -1.14891e-09 
-1.71047e-09 -1.23363e-09 0.130729 0.0434867 1.19122e-10 2.96137e-10 6.50041e-10 0.744272 0.081512 -3.10502e-09 -3.27767e-09 -3.16304e-09 -2.914e-09 -2.51813e-09 -3.28846e-09 -2.88075e-09 -3.23266e-09 -2.6713e-09 
0.0274597 0.565273 0.138696 6.08164e-11 7.26657e-11 7.2064e-11 6.13376e-11 4.4448e-11 4.38273e-12 -1.6023e-11 -3.87938e-11 -2.892e-11 -1.45606e-11 0.117669 -2.36997e-11 -3.75695e-12 -1.02535e-11 0.150902 
-2.0377e-09 -2.036e-09 0.000823638 0.280307 3.36577e-09 0.214347 0.340486 0.164037 -1.63972e-08 -1.49752e-08 -1.42605e-08 -1.29385e-08 -1.14004e-08 -9.27554e-09 -1.10798e-08 -9.07289e-09 -8.32258e-09 -7.33036e-09 
2.32851e-09 9.20724e-10 2.43223e-08 0.126809 1.23615e-09 0.0716527 0.678954 0.122585 -3.45092e-09 -1.47953e-09 -9.37113e-10 -5.827e-10 -3.52928e-10 -9.68574e-11 3.064e-10 7.30368e-10 1.54912e-09 1.14747e-09 
0.122682 0.211496 0.00132287 2.2478e-10 2.57101e-10 2.82537e-10 2.69055e-10 2.29169e-10 3.44345e-11 -4.42169e-11 -7.5834e-11 -5.95125e-11 -2.71579e-11 0.128361 -8.38442e-11 -3.9265e-11 -7.10767e-11 0.536138 
0.204539 0.108193 3.91679e-11 1.39021e-10 1.58292e-10 1.76101e-10 1.69655e-10 1.46346e-10 2.33268e-11 -2.67245e-11 -4.40582e-11 -3.51679e-11 -1.65351e-11 0.0388447 -5.14568e-11 -2.73857e-11 -4.68575e-11 0.648423 
3.886e-06 0.0196106 6.55325e-10 1.28496e-09 1.44691e-09 1.65586e-09 1.63776e-09 1.45162e-09 2.72484e-10 -2.20302e-10 -3.47405e-10 -2.89783e-10 -1.43749e-10 0.180178 -4.75377e-10 -3.38556e-10 -5.22301e-10 0.800208 
-2.62693e-08 -2.33344e-08 -9.34243e-08 0.541887 0.0841489 0.329052 0.0172725 0.0276398 -1.08918e-07 -1.24258e-07 -1.19448e-07 -1.09333e-07 -9.72266e-08 -8.037e-08 -9.58121e-08 -8.03494e-08 -7.57735e-08 -6.69579e-08 
-5.05158e-09 -4.77897e-09 -1.13989e-08 0.292437 7.2643e-09 0.619968 0.043886 0.0437089 -2.8669e-08 -3.1482e-08 -2.99909e-08 -2.72565e-08 -2.40828e-08 -1.96967e-08 -2.33892e-08 -1.93493e-08 -1.78723e-08 -1.5802e-08 
-2.98158e-09 -2.72471e-09 0.188346 0.528177 4.3335e-09 3.45306e-09 0.0254742 0.258003 -2.59467e-08 -2.14592e-08 -2.04589e-08 -1.85552e-08 -1.63239e-08 -1.32419e-08 -1.59165e-08 -1.30563e-08 -1.20856e-08 -1.05652e-08 
-7.12449e-11 -1.48385e-10 0.30809 1.46495e-10 3.98022e-10 2.79144e-10 1.71033e-10 0.389211 0.302699 -1.66484e-09 -1.53239e-09 -1.38244e-09 -1.21902e-09 -1.05456e-09 -1.18616e-09 -9.5021e-10 -8.88212e-10 -7.28273e-10 
4.46186e-11 -9.0347e-11 0.716488 3.06079e-10 4.71865e-10 3.26207e-10 1.73672e-10 0.198656 0.0848565 -1.82341e-09 -1.62014e-09 -1.4469e-09 -1.26288e-09 -1.17785e-09 -1.19918e-09 -9.42718e-10 -8.37318e-10 -6.77876e-10 
-7.65681e-10 -6.94532e-10 0.526157 0.246621 1.04411e-09 7.59346e-10 4.11488e-10 0.227021 0.000200943 -5.15347e-09 -4.9197e-09 -4.47484e-09 -3.94553e-09 -3.24472e-09 -3.88677e-09 -3.19498e-09 -3.00067e-09 -2.59657e-09 
8.28609e-10 4.49627e-11 0.242065 9.1194e-11 1.48444e-10 8.73314e-11 3.01791e-11 0.190731 0.567204 -5.16806e-10 -3.68642e-10 -3.11783e-10 -2.89794e-10 -2.44518e-10 -2.20544e-10 -1.48715e-10 -6.51886e-11 2.28985e-11 
2.73578e-10 0.100547 0.662362 7.23446e-11 9.92562e-11 6.62292e-11 2.46111e-11 -2.34225e-11 -2.37738e-11 -8.73943e-11 -1.3306e-10 -9.87734e-11 -7.79254e-11 0.237092 -4.26224e-11 3.37112e-12 1.92271e-11 1.03615e-10 
1.13277e-09 9.77294e-11 0.142872 3.99851e-11 5.67103e-11 1.87804e-11 -1.36792e-11 0.00521886 0.83593 0.000865708 -6.76331e-11 -3.80427e-11 3.79701e-05 0.0150758 1.44024e-11 2.74675e-10 2.6941e-10 7.07164e-10 
1.76428e-09 1.80795e-10 0.0672365 1.41172e-10 1.74175e-10 1.13083e-10 4.94312e-11 -2.12184e-11 0.553458 0.242623 -7.73187e-11 -9.37919e-12 0.0116454 0.125038 9.01219e-11 4.01628e-10 4.63545e-10 1.03641e-09 
1.82808e-10 0.0113661 -5.00412e-11 -1.63516e-11 3.55635e-12 -5.90179e-11 -1.16451e-10 -1.50103e-10 -1.22235e-10 -6.51101e-11 -4.41158e-11 -1.90495e-11 -5.60343e-13 0.781166 0.0313724 1.14928e-10 9.33777e-11 0.176095 
2.26824e-09 -1.32816e-11 -1.03821e-10 -1.62435e-11 -1.79131e-11 -6.50885e-12 2.98075e-12 4.25396e-12 0.133283 0.768015 1.35427e-11 -6.34161e-11 0.0420108 0.0566915 -4.73962e-11 1.53422e-10 3.85207e-11 1.31578e-09 
-1.82738e-09 -1.50925e-09 0.155663 0.141161 9.11458e-10 5.12186e-10 0.011867 0.669814 0.0214956 -6.61009e-09 -6.50385e-09 -6.03266e-09 -5.40774e-09 -4.52164e-09 -5.55646e-09 -4.69874e-09 -4.67944e-09 -4.03073e-09 
-1.28375e-09 -1.09012e-09 0.297879 0.070523 9.48351e-10 6.62812e-10 5.34972e-10 0.55596 0.0756381 -5.71701e-09 -5.5636e-09 -5.12462e-09 -4.56622e-09 -3.79837e-09 -4.64047e-09 -3.87899e-09 -3.81521e-09 -3.2744e-09 
-1.56247e-09 -1.27201e-09 0.209831 0.0850545 7.23052e-10 5.11784e-10 5.42321e-10 0.642303 0.0628107 -5.40822e-09 -5.34346e-09 -4.96889e-09 -4.46143e-09 -3.74239e-09 -4.62778e-09 -3.91804e-09 -3.96478e-09 -3.38775e-09 
-7.83365e-10 -6.22004e-10 0.17658 0.00546529 3.23367e-10 3.55812e-10 4.38692e-10 0.649974 0.167981 -2.31e-09 -2.35068e-09 -2.21802e-09 -2.00445e-09 -1.6957e-09 -2.21489e-09 -1.87658e-09 -2.05647e-09 -1.69643e-09 
0.00713231 0.647113 0.219757 3.11712e-11 3.75254e-11 3.64924e-11 3.03281e-11 2.1108e-11 1.71239e-12 -8.85746e-12 -2.14331e-11 -1.58906e-11 -8.22651e-12 0.0583534 -1.21362e-11 -1.40912e-12 -4.33431e-12 0.0676442 
1.33576e-10 0.434133 0.331743 5.76394e-11 7.13198e-11 6.42866e-11 4.8244e-11 2.72266e-11 5.50861e-13 -1.96219e-11 -5.07151e-11 -3.69508e-11 -2.02652e-11 0.170154 -2.23006e-11 1.49027e-12 -1.43724e-12 0.0639706 
0.0795428 0.70772 0.0724738 3.0672e-11 3.61167e-11 3.69592e-11 3.2712e-11 2.51336e-11 4.00251e-12 -6.56462e-12 -1.69309e-11 -1.2693e-11 -6.12374e-12 0.032127 -1.16641e-11 -2.49283e-12 -6.32701e-12 0.108136 
-1.37225e-09 -1.26588e-09 -1.73054e-09 0.113598 1.40125e-09 0.378639 0.449483 0.0582814 -7.6517e-09 -7.3175e-09 -7.04035e-09 -6.43723e-09 -5.71015e-09 -4.69713e-09 -5.6438e-09 -4.68331e-09 -4.39191e-09 -3.86451e-09 
0.160855 0.29671 0.00580063 1.41532e-10 1.62774e-10 1.76188e-10 1.65419e-10 1.3841e-10 2.14352e-11 -2.71691e-11 -5.29822e-11 -4.08294e-11 -1.81871e-11 0.102474 -5.21591e-11 -2.07503e-11 -4.06964e-11 0.434161 
0.0435499 0.324199 0.0416706 1.71581e-10 1.99805e-10 2.09846e-10 1.90894e-10 1.53496e-10 1.9991e-11 -3.5744e-11 -7.66223e-11 -5.77608e-11 -2.53116e-11 0.256792 -6.28402e-11 -1.69746e-11 -4.05425e-11 0.333788 
-1.60617e-08 -1.46046e-08 -5.51654e-08 0.23663 0.299559 0.463812 -1.62495e-08 -3.86247e-08 -6.8335e-08 -7.79196e-08 -7.4726e-08 -6.83332e-08 -6.07617e-08 -5.02449e-08 -5.96156e-08 -4.99635e-08 -4.68825e-08 -4.15619e-08 
-6.83951e-08 -5.89697e-08 -2.51768e-07 0.668439 0.154976 0.176588 -6.50505e-08 -1.61288e-07 -2.47303e-07 -2.86709e-07 -2.77106e-07 -2.54615e-07 -2.27127e-07 -1.88669e-07 -2.25769e-07 -1.90555e-07 -1.81733e-07 -1.60347e-07 
-4.08841e-09 -3.689e-09 -6.43532e-09 0.289678 4.90392e-09 0.40428 0.213663 0.0923793 -2.17305e-08 -2.29083e-08 -2.19449e-08 -2.00065e-08 -1.77078e-08 -1.45156e-08 -1.73714e-08 -1.44217e-08 -1.34797e-08 -1.18631e-08 
-2.03905e-09 -1.75307e-09 0.217866 0.653743 2.81498e-09 2.01176e-09 9.9361e-10 0.128391 -1.45646e-08 -1.39563e-08 -1.33532e-08 -1.21259e-08 -1.06657e-08 -8.64125e-09 -1.04703e-08 -8.59797e-09 -8.02372e-09 -6.97636e-09 
-7.35929e-11 -1.03278e-10 0.135504 5.98208e-11 1.46017e-10 1.03085e-10 6.50693e-11 0.451273 0.413223 -7.57625e-10 -7.05495e-10 -6.42527e-10 -5.72021e-10 -4.97478e-10 -5.67993e-10 -4.63136e-10 -4.60419e-10 -3.66208e-10 
7.07021e-11 -5.93719e-11 0.193328 5.0233e-11 1.203e-10 8.22678e-11 4.46896e-11 0.319957 0.486715 -6.17846e-10 -5.33546e-10 -4.80617e-10 -4.35102e-10 -4.04183e-10 -4.12586e-10 -3.30097e-10 -3.07659e-10 -2.21716e-10 
-1.19489e-10 -1.53246e-10 0.221797 3.25196e-10 4.53718e-10 3.31346e-10 2.29305e-10 0.525911 0.252293 -1.74593e-09 -1.64602e-09 -1.48862e-09 -1.30607e-09 -1.08171e-09 -1.30112e-09 -1.03733e-09 -9.8953e-10 -8.23107e-10 
7.33107e-12 -3.94381e-11 0.887349 2.65606e-10 3.06742e-10 2.14245e-10 1.12039e-10 0.111914 0.000737378 -1.13236e-09 -1.0039e-09 -8.93783e-10 -7.69083e-10 -7.29304e-10 -7.34413e-10 -5.7275e-10 -5.04013e-10 -4.04539e-10 
-2.84684e-10 -2.98482e-10 0.708495 0.110638 5.36676e-10 3.80868e-10 2.07628e-10 0.180501 0.000366336 -2.52732e-09 -2.37404e-09 -2.15193e-09 -1.89355e-09 -1.60755e-09 -1.85412e-09 -1.51126e-09 -1.40706e-09 -1.20125e-09 
5.33436e-10 7.24186e-11 0.737937 2.32401e-10 3.33016e-10 2.08642e-10 8.49618e-11 0.0615632 0.2005 -1.1291e-09 -8.44378e-10 -7.2583e-10 -6.13736e-10 -7.83436e-10 -5.35163e-10 -3.74506e-10 -2.6814e-10 -1.49839e-10 
-4.28502e-10 -3.81611e-10 0.558255 0.341544 6.06661e-10 4.51955e-10 2.38833e-10 0.100202 -1.64758e-09 -2.93647e-09 -2.80375e-09 -2.54905e-09 -2.24532e-09 -1.84322e-09 -2.21274e-09 -1.81699e-09 -1.7058e-09 -1.47396e-09 
-1.00793e-09 -8.74135e-10 0.384226 0.476515 1.38413e-09 1.04753e-09 5.11768e-10 0.139259 -7.44229e-09 -6.75474e-09 -6.46489e-09 -5.87577e-09 -5.17284e-09 -4.20697e-09 -5.08948e-09 -4.18239e-09 -3.91612e-09 -3.39928e-09 
8.75757e-10 2.46148e-11 0.0974342 4.47662e-11 7.33514e-11 4.29608e-11 1.40835e-11 0.24274 0.659825 -2.46104e-10 -1.78224e-10 -1.5049e-10 -1.38359e-10 -1.13421e-10 -1.05526e-10 -7.00821e-11 -2.87279e-11 1.23637e-11 
1.06098e-09 8.71286e-11 0.257599 7.42417e-11 1.0969e-10 5.44902e-11 4.79468e-12 0.0685989 0.670549 -3.4e-10 -1.97787e-10 -1.50142e-10 -1.16304e-10 0.00325271 -6.97098e-11 -2.61423e-11 1.28129e-10 2.68912e-10 
1.37474e-09 1.11086e-10 0.104603 5.80321e-11 7.83974e-11 2.31461e-11 -2.39555e-11 -9.3532e-11 0.700373 0.123806 -6.09176e-11 -1.53434e-11 0.000332065 0.0708849 6.22995e-11 3.19814e-10 3.68236e-10 8.24289e-10 
1.79925e-09 7.237e-11 0.0150845 4.4994e-11 5.7445e-11 2.58579e-11 -3.30895e-12 -3.25333e-11 0.607109 0.313771 -2.20845e-11 5.41253e-12 0.000951123 0.063084 5.10578e-11 4.1525e-10 4.4714e-10 1.06057e-09 
2.21754e-09 2.17443e-10 0.00216333 2.04093e-10 2.47122e-10 1.98503e-10 1.30522e-10 6.17021e-11 0.375424 0.44145 -8.05248e-11 -2.16861e-11 0.0341924 0.14677 7.10342e-11 4.17982e-10 3.43127e-10 1.26794e-09 
4.69143e-11 0.489324 0.409948 2.64887e-11 3.27703e-11 2.99392e-11 2.28245e-11 1.32203e-11 7.93289e-15 -9.95528e-12 -2.40273e-11 -1.78091e-11 -1.02711e-11 0.0835092 -1.1413e-11 -5.36585e-13 -2.05568e-12 0.0172188 
1.26686e-10 0.29915 0.519618 4.20606e-11 5.44748e-11 4.38971e-11 2.71008e-11 6.62469e-12 -4.31775e-12 -2.57541e-11 -5.4357e-11 -4.01385e-11 -2.69037e-11 0.179231 -2.04975e-11 1.16649e-12 2.77497e-12 0.00200071 
2.85155e-10 0.273762 0.321473 9.4482e-11 1.19951e-10 1.00972e-10 6.76085e-11 2.72682e-11 -2.83398e-12 -3.37202e-11 -9.99531e-11 -7.2083e-11 -3.9604e-11 0.343193 -3.67038e-11 8.45835e-12 6.62621e-12 0.0615717 
0.121619 0.559541 0.0445364 6.13929e-11 7.18229e-11 7.44516e-11 6.68846e-11 5.26524e-11 8.48398e-12 -1.22044e-11 -3.04795e-11 -2.28289e-11 -1.04499e-11 0.0743779 -2.25963e-11 -5.35513e-12 -1.33588e-11 0.199926 
0.038226 0.82003 0.0878798 1.33943e-11 1.57322e-11 1.62701e-11 1.45617e-11 1.13169e-11 2.01893e-12 -2.80709e-12 -7.4929e-12 -5.68807e-12 -2.84101e-12 0.0147803 -5.34416e-12 -1.35128e-12 -3.13639e-12 0.0390838 
0.0476031 0.444769 0.0840931 1.06792e-10 1.25849e-10 1.28585e-10 1.13467e-10 8.72028e-11 1.08834e-11 -2.40521e-11 -5.71408e-11 -4.26977e-11 -1.987e-11 0.179441 -3.99173e-11 -8.25005e-12 -2.14965e-11 0.244094 
0.00140883 0.21298 0.0734896 1.83332e-10 2.20411e-10 2.13957e-10 1.77076e-10 1.24772e-10 -3.34019e-12 -4.82657e-11 -1.12213e-10 -8.14179e-11 -3.16393e-11 0.466201 -6.29643e-11 4.24621e-12 -1.94542e-11 0.24592 
-7.47528e-09 -6.87787e-09 0.0531422 0.712055 7.12836e-09 0.0400332 0.0367629 0.158008 -4.28528e-08 -4.5349e-08 -4.32942e-08 -3.93804e-08 -3.47961e-08 -2.84489e-08 -3.39375e-08 -2.80911e-08 -2.60817e-08 -2.29818e-08 
5.73619e-10 -2.00646e-11 0.374372 1.25255e-10 2.27038e-10 1.46818e-10 7.12291e-11 0.217471 0.408157 -9.71762e-10 -7.61175e-10 -6.70873e-10 -6.15431e-10 -6.43966e-10 -5.40521e-10 -4.10996e-10 -3.31294e-10 -2.10053e-10 
-3.01637e-10 -3.33245e-10 0.38847 0.000976429 6.29139e-10 4.4743e-10 2.90371e-10 0.439735 0.170818 -2.82746e-09 -2.66659e-09 -2.42112e-09 -2.13574e-09 -1.79922e-09 -2.11138e-09 -1.71603e-09 -1.62666e-09 -1.37226e-09 
-4.20297e-11 -1.7414e-10 0.518427 2.98215e-10 5.68453e-10 3.97563e-10 2.30548e-10 0.307225 0.174348 -2.29717e-09 -2.09681e-09 -1.88536e-09 -1.6564e-09 -1.46028e-09 -1.59586e-09 -1.27311e-09 -1.1638e-09 -9.61497e-10 
-8.31583e-10 -7.45374e-10 0.379099 0.0386616 8.54951e-10 6.06921e-10 4.28787e-10 0.481963 0.100277 -4.5845e-09 -4.41192e-09 -4.04076e-09 -3.58502e-09 -2.98654e-09 -3.60194e-09 -2.9821e-09 -2.88682e-09 -2.47136e-09 
-2.25481e-12 -3.65452e-11 0.130765 4.25916e-10 4.12692e-10 3.17401e-10 2.33578e-10 0.60866 0.260576 -1.23797e-09 -1.169e-09 -1.04957e-09 -9.10095e-10 -7.28875e-10 -9.31627e-10 -7.09935e-10 -6.72779e-10 -5.55275e-10 
-5.76522e-10 -5.58658e-10 0.587632 0.101773 8.8058e-10 6.25666e-10 3.55841e-10 0.288414 0.0221815 -4.27882e-09 -4.06063e-09 -3.69078e-09 -3.25487e-09 -2.71333e-09 -3.20433e-09 -2.6261e-09 -2.46677e-09 -2.11982e-09 
-1.36208e-10 -1.40394e-10 0.731579 0.19482 2.92693e-10 2.12206e-10 1.14021e-10 0.0736017 -1.28485e-10 -1.31147e-09 -1.23119e-09 -1.11425e-09 -9.77857e-10 -8.27032e-10 -9.56599e-10 -7.76846e-10 -7.21026e-10 -6.14112e-10 
1.06212e-09 7.94545e-11 0.10947 5.30683e-11 7.52395e-11 3.78825e-11 3.39984e-12 0.127301 0.763229 -1.68727e-10 -9.53709e-11 -6.76007e-11 -6.21367e-11 5.57963e-12 -1.66201e-11 1.8983e-11 1.06356e-10 3.33167e-10 
7.5283e-10 3.78376e-11 0.0553005 1.10979e-11 1.78364e-11 -3.97916e-12 -2.11807e-11 -4.34737e-11 0.817401 0.114256 -2.44999e-11 -8.59023e-12 3.95475e-05 0.0130032 2.0315e-11 1.26147e-10 1.61342e-10 4.6147e-10 
2.02218e-09 2.76177e-10 0.0453922 3.42933e-10 4.0486e-10 3.80069e-10 3.12176e-10 2.16732e-10 0.281622 0.282332 -2.92733e-10 -1.52696e-10 0.113072 0.277581 -3.21389e-12 3.5313e-10 4.40535e-10 1.18642e-09 
2.64697e-10 0.220009 0.468916 7.78295e-11 1.02622e-10 7.80825e-11 4.25521e-11 8.44984e-13 -8.53145e-12 -4.8292e-11 -1.111e-10 -8.13033e-11 -5.50275e-11 0.307287 -3.72865e-11 6.28392e-12 1.18514e-11 0.0037884 
0.202315 0.637138 0.0123931 2.62991e-11 3.03486e-11 3.17712e-11 2.9101e-11 2.3584e-11 6.07488e-12 -2.60097e-12 -1.05146e-11 -7.54753e-12 -2.58714e-12 0.0169447 -7.97244e-12 -1.0236e-12 -4.66283e-12 0.131209 
0.00986947 0.433479 0.191641 8.9068e-11 1.08131e-10 1.02758e-10 8.28679e-11 5.48512e-11 2.77625e-12 -2.56044e-11 -6.51229e-11 -4.77888e-11 -2.39809e-11 0.213431 -3.37726e-11 -1.09421e-12 -8.74482e-12 0.15158 
0.0215261 0.245728 0.0333526 2.2097e-10 2.57793e-10 2.69453e-10 2.43718e-10 1.9501e-10 2.04009e-11 -4.79366e-11 -9.81531e-11 -7.35852e-11 -3.07341e-11 0.354973 -7.89671e-11 -1.74216e-11 -4.91524e-11 0.34442 
3.94432e-10 0.192371 0.203165 1.29113e-10 1.6483e-10 1.37722e-10 9.00541e-11 3.47704e-11 -1.14956e-11 -3.93742e-11 -1.34792e-10 -9.63406e-11 -4.144e-11 0.511739 -4.76161e-11 1.69698e-11 1.15546e-11 0.0927255 
-3.2098e-09 -2.93054e-09 0.112515 0.774462 3.23276e-09 0.00799419 0.00738756 0.097641 -1.89988e-08 -1.97723e-08 -1.88819e-08 -1.71713e-08 -1.51633e-08 -1.23827e-08 -1.48021e-08 -1.22391e-08 -1.13715e-08 -1.00021e-08 
4.58039e-10 -4.88664e-12 0.565226 2.35668e-10 3.79019e-10 2.48582e-10 1.19582e-10 0.171656 0.263118 -1.4272e-09 -1.15606e-09 -1.0172e-09 -9.01585e-10 -1.02114e-09 -8.08879e-10 -6.11338e-10 -5.02861e-10 -3.61673e-10 
4.62342e-11 -6.98577e-11 0.324542 1.35467e-10 2.90371e-10 1.97987e-10 1.09352e-10 0.307322 0.368136 -1.19052e-09 -1.04282e-09 -9.32697e-10 -8.28802e-10 -7.62451e-10 -7.80982e-10 -6.14661e-10 -5.52661e-10 -4.2692e-10 
-7.27209e-10 -6.21722e-10 0.278694 0.00935507 5.70128e-10 4.43825e-10 3.80999e-10 0.560952 0.150999 -3.27506e-09 -3.19482e-09 -2.94898e-09 -2.62998e-09 -2.20214e-09 -2.7135e-09 -2.26043e-09 -2.26664e-09 -1.91906e-09 
-2.38606e-10 -3.07713e-10 0.616036 0.0288668 6.45693e-10 4.50955e-10 2.55336e-10 0.278628 0.0764689 -2.90396e-09 -2.70159e-09 -2.44324e-09 -2.15005e-09 -1.85181e-09 -2.09548e-09 -1.697e-09 -1.57315e-09 -1.32921e-09 
2.32795e-09 3.35464e-10 0.00570598 3.51364e-10 4.28597e-10 3.67092e-10 2.60203e-10 1.44458e-10 0.282986 0.412074 -4.21259e-10 -1.094e-10 0.0920765 0.207158 3.90265e-11 3.97157e-10 4.1465e-10 1.33703e-09 
2.04674e-09 3.58056e-10 0.0664999 3.35878e-10 4.01531e-10 3.19524e-10 2.13043e-10 1.01249e-10 0.406886 0.27467 -1.50348e-10 -1.78046e-11 0.0423264 0.209618 1.41325e-10 4.65392e-10 5.73141e-10 1.19655e-09 
1.82099e-09 4.21779e-10 0.138279 4.54999e-10 5.36001e-10 4.74557e-10 3.69585e-10 2.37453e-10 0.356894 0.170306 -2.4484e-10 -9.7341e-11 0.0496864 0.284834 7.76287e-11 3.63518e-10 6.49158e-10 9.9197e-10 
1.21971e-09 2.25279e-10 0.359818 1.89262e-10 2.53741e-10 1.41193e-10 3.09946e-11 -8.55612e-11 0.42443 0.0279421 -2.92443e-10 -1.87403e-10 0.000613219 0.187197 -1.01655e-11 1.65333e-10 3.16567e-10 5.74512e-10 
1.68049e-09 2.96236e-10 0.163731 2.49672e-10 3.0626e-10 2.11845e-10 1.10162e-10 -5.2255e-12 0.498712 0.138803 -1.41311e-10 -3.61113e-11 0.0147766 0.183977 1.2198e-10 3.94371e-10 5.44551e-10 9.64959e-10 
1.45808e-09 3.19465e-10 0.246502 3.04377e-10 3.78084e-10 2.85731e-10 1.72354e-10 4.34108e-11 0.368605 0.0831421 -2.82164e-10 -1.53991e-10 0.02324 0.278511 3.38313e-11 2.51373e-10 5.01246e-10 7.4487e-10 
1.00867e-09 2.2857e-10 0.41821 1.82791e-10 2.49471e-10 1.48704e-10 3.74857e-11 -9.09309e-11 0.237346 0.0134696 -3.32657e-10 -2.24404e-10 0.00223167 0.328744 -4.36038e-11 1.01481e-10 1.67279e-10 4.73279e-10 
1.39846e-09 2.39592e-10 0.266809 1.82599e-10 2.38317e-10 1.28536e-10 2.39041e-11 -9.07272e-11 0.530699 0.0459339 -1.94172e-10 -9.70078e-11 0.000901644 0.155656 6.83422e-11 2.99912e-10 4.45197e-10 7.59065e-10 
1.0187e-09 1.35018e-10 0.416046 1.41268e-10 2.03878e-10 1.07875e-10 1.85186e-11 0.0281084 0.511653 0.00339877 -3.67362e-10 -2.80413e-10 3.8376e-05 0.0407548 -1.35008e-10 -3.87121e-11 1.37888e-10 2.75949e-10 
4.31118e-10 0.0460374 0.205226 1.21954e-10 1.65991e-10 1.15889e-10 4.66534e-11 -2.33799e-11 0.00660669 -1.38975e-11 -1.81984e-10 -1.26716e-10 -1.32429e-11 0.730783 -3.78131e-11 4.05865e-11 4.18996e-11 0.0113471 
2.97252e-10 0.0952283 0.0621956 1.22749e-10 1.5883e-10 1.28334e-10 7.73425e-11 2.33952e-11 -6.33211e-11 -5.84254e-11 -1.2155e-10 -8.52032e-11 -2.41409e-11 0.72261 -4.71273e-11 3.22921e-11 1.86235e-11 0.119966 
0.00502924 0.31313 0.148324 1.30877e-10 1.58979e-10 1.50622e-10 1.20879e-10 7.98809e-11 1.80421e-12 -3.55055e-11 -9.33267e-11 -6.795e-11 -3.10412e-11 0.345396 -4.74806e-11 1.3929e-12 -1.08195e-11 0.18812 
8.45031e-10 6.79781e-11 0.373639 1.14293e-10 1.7833e-10 1.02228e-10 3.1104e-11 0.101732 0.524098 -6.6342e-10 -4.27913e-10 -3.55239e-10 -3.58783e-10 0.000531066 -2.38889e-10 -1.49954e-10 -2.6886e-11 9.57981e-11 
1.16127e-09 1.38749e-10 0.298105 1.10496e-10 1.55875e-10 7.31253e-11 -1.39738e-12 0.0244874 0.612535 0.0106347 -2.23499e-10 -1.53627e-10 0.000104643 0.0541329 -3.3316e-11 6.01042e-11 2.38427e-10 4.11873e-10 
7.39976e-10 1.79667e-10 0.357779 1.16325e-10 1.7009e-10 9.34137e-11 2.743e-12 -9.34853e-11 0.0973399 0.00507646 -2.94358e-10 -2.0528e-10 4.92896e-05 0.539756 -5.33793e-11 5.55702e-11 6.12877e-11 4.05503e-10 
5.69755e-10 0.0275676 0.353401 1.12726e-10 1.60849e-10 9.50182e-11 1.42961e-11 -6.83479e-11 0.0186312 1.13817e-11 -2.29891e-10 -1.59809e-10 -5.79269e-11 0.6004 -4.01212e-11 4.86034e-11 5.92938e-11 4.02411e-10 
5.35098e-10 8.32719e-11 0.124009 3.35844e-12 5.09002e-11 -2.51748e-11 -1.12679e-10 -1.92823e-10 0.0961126 0.0440813 -3.74825e-10 -2.79528e-10 0.052679 0.683119 -9.72492e-11 -9.72951e-13 -3.33357e-11 3.17309e-10 
-8.21622e-10 -9.9825e-10 0.024108 -1.19109e-09 -1.41853e-09 -1.34151e-09 -1.0801e-09 -7.83753e-10 0.0683283 0.0589249 1.07247e-10 1.62681e-11 0.211519 0.63712 -4.33594e-11 -2.11307e-10 -3.74555e-10 -2.01108e-10 
4.57413e-10 2.3111e-10 0.117452 1.20609e-10 1.7854e-10 1.02875e-10 4.24821e-12 -8.52602e-11 0.0334243 0.0070737 -2.50556e-10 -1.75861e-10 5.0824e-11 0.84205 -3.23541e-11 4.96497e-11 6.36151e-11 3.45211e-10 
-2.24985e-10 -3.18712e-10 -7.05672e-11 -4.20287e-12 -8.25729e-11 1.96383e-10 4.45611e-10 5.75298e-10 0.0184158 0.188432 0.111752 0.292131 0.318579 0.0706901 -3.98204e-10 -5.14432e-10 -7.17044e-10 -3.05236e-10 
0.292062 0.350512 6.69112e-12 6.4545e-11 7.37556e-11 7.97787e-11 7.53082e-11 6.34488e-11 1.42582e-11 -7.65119e-12 -2.17122e-11 -1.61533e-11 -5.73366e-12 0.0275176 -2.09395e-11 -6.43638e-12 -1.58989e-11 0.329909 
0.520715 0.176566 6.86131e-12 3.37782e-11 3.76728e-11 4.22528e-11 4.16347e-11 3.68669e-11 1.20395e-11 2.15786e-13 -6.72289e-12 -4.77026e-12 -2.46997e-13 5.27563e-12 -8.98238e-12 -2.63652e-12 -8.2869e-12 0.302719 
0.702473 0.149642 2.53725e-12 1.18143e-11 1.31411e-11 1.47365e-11 1.45541e-11 1.29188e-11 4.56388e-12 4.43645e-13 -2.18782e-12 -1.49974e-12 9.8737e-14 2.21511e-12 -2.95369e-12 -6.95985e-13 -2.71688e-12 0.147885 
0.479869 0.326712 6.54622e-12 2.91212e-11 3.23232e-11 3.61675e-11 3.5743e-11 3.17473e-11 1.21352e-11 2.04862e-12 -5.08022e-12 -3.32564e-12 7.04201e-13 6.56786e-12 -6.76939e-12 -1.03539e-12 -6.11741e-12 0.193419 
8.81424e-05 0.0862406 4.84702e-10 6.59925e-10 7.48058e-10 8.36425e-10 8.11009e-10 7.05921e-10 1.21392e-10 -1.13334e-10 -1.85331e-10 -1.47272e-10 -6.35347e-11 0.397976 -2.59482e-10 -9.70792e-11 -1.98079e-10 0.515695 
3.16902e-09 9.0001e-11 -3.54009e-10 -2.83326e-10 -2.65321e-10 -4.88587e-10 -6.44982e-10 -6.95438e-10 0.0379277 0.590844 0.165547 1.55826e-10 0.119565 0.0861162 2.95784e-10 6.34646e-10 6.97397e-10 1.87709e-09 
-1.99628e-09 -2.08781e-09 0.0553873 0.362353 3.85501e-09 0.0453378 0.197603 0.339318 -2.32435e-08 -1.71232e-08 -1.62328e-08 -1.46814e-08 -1.2903e-08 -1.04574e-08 -1.2447e-08 -1.01433e-08 -9.22906e-09 -8.12934e-09 
-1.43798e-09 -1.49511e-09 0.0645451 0.26669 2.36965e-09 0.0230132 0.209832 0.43566 0.000259373 -1.11314e-08 -1.06038e-08 -9.62175e-09 -8.47724e-09 -6.89819e-09 -8.25207e-09 -6.7357e-09 -6.1856e-09 -5.4349e-09 
-2.57309e-09 -2.35755e-09 0.160495 0.389295 3.31883e-09 2.14792e-09 0.0631362 0.38699 8.41006e-05 -1.65955e-08 -1.58683e-08 -1.44316e-08 -1.27329e-08 -1.03849e-08 -1.2479e-08 -1.02795e-08 -9.58518e-09 -8.38357e-09 
-4.01379e-09 -3.79707e-09 0.0256823 0.412535 5.79943e-09 0.145602 0.18587 0.230311 -2.81574e-08 -2.65072e-08 -2.52707e-08 -2.29548e-08 -2.02525e-08 -1.65164e-08 -1.9715e-08 -1.62432e-08 -1.50092e-08 -1.32151e-08 
-1.87441e-09 -1.64543e-09 0.266766 0.213084 1.79222e-09 1.12998e-09 7.84688e-10 0.509771 0.0103789 -9.88557e-09 -9.52852e-09 -8.71735e-09 -7.72826e-09 -6.3613e-09 -7.69248e-09 -6.38815e-09 -6.0933e-09 -5.29501e-09 
-1.28755e-09 -1.14152e-09 0.407725 0.141864 1.38998e-09 9.59404e-10 6.10741e-10 0.427844 0.022567 -7.34282e-09 -7.05613e-09 -6.44533e-09 -5.70494e-09 -4.70285e-09 -5.67224e-09 -4.69304e-09 -4.47054e-09 -3.86755e-09 
-4.2904e-09 -4.00309e-09 0.0857527 0.516629 5.60367e-09 0.0362602 0.0893311 0.272027 -3.07864e-08 -2.8399e-08 -2.70777e-08 -2.45922e-08 -2.16886e-08 -1.76752e-08 -2.11238e-08 -1.74042e-08 -1.61056e-08 -1.41587e-08 
-1.93429e-09 -1.71115e-09 0.318028 0.329982 2.39885e-09 1.72683e-09 9.86838e-10 0.351108 0.000881226 -1.20534e-08 -1.15523e-08 -1.05186e-08 -9.28211e-09 -7.57944e-09 -9.14993e-09 -7.54352e-09 -7.08979e-09 -6.16739e-09 
-1.21011e-09 -1.08166e-09 0.441268 0.228327 1.51788e-09 1.09156e-09 6.18985e-10 0.327899 0.00250626 -7.63931e-09 -7.3141e-09 -6.66114e-09 -5.87972e-09 -4.8238e-09 -5.80521e-09 -4.78343e-09 -4.50793e-09 -3.90795e-09 
-1.83593e-09 -1.58875e-09 0.305988 0.450786 2.48941e-09 1.93625e-09 9.17568e-10 0.243226 -1.25144e-08 -1.21194e-08 -1.16067e-08 -1.0552e-08 -9.29213e-09 -7.55304e-09 -9.1459e-09 -7.52012e-09 -7.04509e-09 -6.11911e-09 
0.00121762 0.165267 0.0152971 2.71246e-10 3.16555e-10 3.29289e-10 2.96321e-10 2.36927e-10 1.58486e-11 -6.25326e-11 -1.1205e-10 -8.28335e-11 -3.1902e-11 0.464547 -8.49752e-11 -7.57423e-12 -5.46723e-11 0.353671 
-1.40534e-08 -1.30788e-08 0.00938345 0.624721 2.00651e-08 0.212752 0.03829 0.114855 -7.63492e-08 -8.46549e-08 -8.07528e-08 -7.34487e-08 -6.4929e-08 -5.31401e-08 -6.32084e-08 -5.23653e-08 -4.85304e-08 -4.28628e-08 
1.93395e-09 -3.05544e-10 -8.12764e-10 -4.90557e-10 -5.18732e-10 -6.81038e-10 -7.54681e-10 -7.42731e-10 0.132463 0.399704 0.0130863 -1.43402e-11 0.220861 0.233886 1.71243e-10 3.90323e-10 4.55735e-10 1.15977e-09 
1.03969e-09 3.14878e-10 0.0126232 8.64818e-10 9.35267e-10 1.23626e-09 1.36412e-09 1.29845e-09 0.143793 0.259534 -8.8253e-10 -6.05168e-10 0.258751 0.325299 -5.41915e-10 -2.99475e-10 -7.3717e-10 2.70644e-10 
1.6398e-09 3.89591e-10 0.0923303 6.71596e-10 7.5248e-10 8.67129e-10 8.70868e-10 7.64605e-10 0.253719 0.178884 -4.79406e-10 -3.18632e-10 0.109863 0.365204 -2.40627e-10 4.62851e-11 1.06028e-10 6.63047e-10 
1.67655e-10 -8.04565e-11 0.465002 2.21247e-10 4.1141e-10 2.79534e-10 1.50975e-10 0.258887 0.276112 -1.63284e-09 -1.42422e-09 -1.27094e-09 -1.1234e-09 -1.07095e-09 -1.05414e-09 -8.26137e-10 -7.30982e-10 -5.74746e-10 
8.96659e-10 1.42325e-10 0.605896 1.56799e-10 2.27217e-10 1.17287e-10 1.37388e-11 0.00364149 0.329162 0.00204687 -4.46449e-10 -3.47813e-10 2.43275e-05 0.0592296 -1.80405e-10 -4.867e-11 8.32634e-11 2.61937e-10 
6.81678e-10 7.72044e-11 0.637817 1.8147e-10 2.72457e-10 1.61432e-10 5.46195e-11 0.0522379 0.309337 -1.1647e-09 -6.90772e-10 -5.84268e-10 -5.73933e-10 0.000608648 -4.13026e-10 -2.69524e-10 -1.5348e-10 -1.00427e-11 
1.04734e-09 2.07549e-10 0.459521 1.6466e-10 2.29442e-10 1.13236e-10 6.77652e-14 -1.32578e-10 0.325018 0.0103678 -3.30273e-10 -2.25072e-10 0.000206896 0.204886 -4.20695e-11 1.04729e-10 2.29524e-10 4.67819e-10 
6.26012e-10 1.47625e-10 0.70931 1.17137e-10 1.70254e-10 7.44546e-11 -1.74548e-11 -1.65182e-10 0.143998 2.99893e-05 -3.43567e-10 -2.627e-10 2.98909e-10 0.146662 -1.18315e-10 -1.68118e-11 5.92333e-11 2.45015e-10 
6.81456e-10 1.25584e-10 0.730836 1.50806e-10 2.17895e-10 1.11359e-10 1.00073e-11 0.00273205 0.227269 1.06849e-05 -4.76525e-10 -3.83086e-10 -2.86149e-10 0.0391522 -2.22597e-10 -1.00538e-10 3.9903e-14 1.67334e-10 
5.52626e-10 2.1882e-10 0.599625 1.18734e-10 1.6588e-10 9.85924e-11 2.04537e-11 -6.90149e-11 0.0400049 -3.27131e-11 -2.34178e-10 -1.67156e-10 -2.08881e-10 0.360371 -5.23099e-11 3.34179e-11 6.5682e-11 3.16788e-10 
7.50124e-10 1.96352e-10 0.552486 1.3173e-10 1.87048e-10 9.35047e-11 -3.49093e-12 -1.24666e-10 0.14713 0.00184616 -2.97924e-10 -2.10821e-10 2.40153e-05 0.298514 -5.79752e-11 5.26513e-11 1.13653e-10 3.62164e-10 
1.0251e-09 2.18198e-10 0.27619 2.15215e-10 2.84713e-10 2.22788e-10 1.28592e-10 1.1364e-11 0.193496 0.0441492 -3.9349e-10 -2.77447e-10 0.0267256 0.459439 -1.06747e-10 4.85704e-11 1.54412e-11 4.49219e-10 
3.42163e-10 1.41821e-10 0.818175 8.59497e-11 1.18698e-10 7.02803e-11 1.72562e-11 -4.6351e-11 0.0243506 -2.44929e-10 -1.90271e-10 -1.44911e-10 -7.67602e-11 0.157474 -6.7233e-11 -8.58009e-12 2.35794e-11 1.35892e-10 
3.83791e-10 9.07086e-11 0.879602 1.66641e-10 2.23242e-10 1.37425e-10 5.07141e-11 0.00391754 0.11648 -6.26907e-10 -4.85473e-10 -4.07406e-10 -2.62939e-10 -4.92808e-10 -2.77093e-10 -1.74093e-10 -1.02875e-10 -3.15367e-11 
9.23806e-10 9.04162e-11 0.143929 1.79743e-10 2.24848e-10 2.50474e-10 2.31028e-10 1.61831e-10 0.173032 0.0859425 -4.79158e-10 -3.62628e-10 0.0769181 0.520178 -2.3551e-10 -8.59438e-11 -2.9025e-10 3.13185e-10 
-4.23125e-10 -4.86023e-10 0.0287728 0.124189 9.25275e-10 5.00745e-10 0.296338 0.5507 -4.26049e-09 -4.07686e-09 -3.88538e-09 -3.52109e-09 -3.09464e-09 -2.5051e-09 -3.01907e-09 -2.4387e-09 -2.23581e-09 -1.95442e-09 
-1.58401e-09 -1.38519e-09 0.0835233 0.181914 1.07511e-09 4.74564e-10 0.125865 0.608014 0.000683083 -6.84451e-09 -6.66829e-09 -6.14575e-09 -5.48266e-09 -4.5503e-09 -5.54003e-09 -4.64043e-09 -4.49719e-09 -3.91026e-09 
