1 0 0 0 0 0 0 0 0 0 0 0 0 0 0 0 0 0 
0.8 0.2 0 0 0 0 0 0 0 0 0 0 0 0 0 0 0 0 
0.6 0.4 0 0 0 0 0 0 0 0 0 0 0 0 0 0 0 0 
0.4 0.6 0 0 0 0 0 0 0 0 0 0 0 0 0 0 0 0 
0.2 0.8 0 0 0 0 0 0 0 0 0 0 0 0 0 0 0 0 
0 1 0 0 0 0 0 0 0 0 0 0 0 0 0 0 0 0 
0 0.8 0.2 0 0 0 0 0 0 0 0 0 0 0 0 0 0 0 
0 0.6 0.4 0 0 0 0 0 0 0 0 0 0 0 0 0 0 0 
0 0.4 0.6 0 0 0 0 0 0 0 0 0 0 0 0 0 0 0 
0 0.2 0.8 0 0 0 0 0 0 0 0 0 0 0 0 0 0 0 
0 0 1 0 0 0 0 0 0 0 0 0 0 0 0 0 0 0 
0 0 0.833333 0.166667 0 0 0 0 0 0 0 0 0 0 0 0 0 0 
0 0 0.666667 0.333333 0 0 0 0 0 0 0 0 0 0 0 0 0 0 
0 0 0.5 0.5 0 0 0 0 0 0 0 0 0 0 0 0 0 0 
0 0 0.333333 0.666667 0 0 0 0 0 0 0 0 0 0 0 0 0 0 
0 0 0.166667 0.833333 0 0 0 0 0 0 0 0 0 0 0 0 0 0 
0 0 0 1 0 0 0 0 0 0 0 0 0 0 0 0 0 0 
0 0 0 0.5 0.5 0 0 0 0 0 0 0 0 0 0 0 0 0 
0 0 0 0 1 0 0 0 0 0 0 0 0 0 0 0 0 0 
0 0 0 0 0.666667 0.333333 0 0 0 0 0 0 0 0 0 0 0 0 
0 0 0 0 0.333333 0.666667 0 0 0 0 0 0 0 0 0 0 0 0 
0 0 0 0 0 1 0 0 0 0 0 0 0 0 0 0 0 0 
0 0 0 0 0 0.666667 0.333333 0 0 0 0 0 0 0 0 0 0 0 
0 0 0 0 0 0.333333 0.666667 0 0 0 0 0 0 0 0 0 0 0 
0 0 0 0 0 0 1 0 0 0 0 0 0 0 0 0 0 0 
0 0 0 0 0 0 0.666667 0.333333 0 0 0 0 0 0 0 0 0 0 
0 0 0 0 0 0 0.333333 0.666667 0 0 0 0 0 0 0 0 0 0 
0 0 0 0 0 0 0 1 0 0 0 0 0 0 0 0 0 0 
0 0 0 0 0 0 0 0.888889 0.111111 0 0 0 0 0 0 0 0 0 
0 0 0 0 0 0 0 0.777778 0.222222 0 0 0 0 0 0 0 0 0 
0 0 0 0 0 0 0 0.666667 0.333333 0 0 0 0 0 0 0 0 0 
0 0 0 0 0 0 0 0.555556 0.444444 0 0 0 0 0 0 0 0 0 
0 0 0 0 0 0 0 0.444444 0.555556 0 0 0 0 0 0 0 0 0 
0 0 0 0 0 0 0 0.333333 0.666667 0 0 0 0 0 0 0 0 0 
0 0 0 0 0 0 0 0.222222 0.777778 0 0 0 0 0 0 0 0 0 
0 0 0 0 0 0 0 0.111111 0.888889 0 0 0 0 0 0 0 0 0 
0 0 0 0 0 0 0 0 1 0 0 0 0 0 0 0 0 0 
0 0 0 0 0 0 0 0 0.75 0.25 0 0 0 0 0 0 0 0 
0 0 0 0 0 0 0 0 0.5 0.5 0 0 0 0 0 0 0 0 
0 0 0 0 0 0 0 0 0.25 0.75 0 0 0 0 0 0 0 0 
0 0 0 0 0 0 0 0 0 1 0 0 0 0 0 0 0 0 
0 0 0 0 0 0 0 0 0 0.5 0.5 0 0 0 0 0 0 0 
0 0 0 0 0 0 0 0 0 0 1 0 0 0 0 0 0 0 
0 0 0 0 0 0 0 0 0 0 0.5 0.5 0 0 0 0 0 0 
0 0 0 0 0 0 0 0 0 0 0 1 0 0 0 0 0 0 
0 0 0 0 0 0 0 0 0 0 0 0.5 0.5 0 0 0 0 0 
0 0 0 0 0 0 0 0 0 0 0 0 1 0 0 0 0 0 
0 0 0 0 0 0 0 0 0 0 0 0 0.5 0.5 0 0 0 0 
0 0 0 0 0 0 0 0 0 0 0 0 0 1 0 0 0 0 
0 0 0 0 0 0 0 0 0 0 0 0 0 0.75 0.25 0 0 0 
0 0 0 0 0 0 0 0 0 0 0 0 0 0.5 0.5 0 0 0 
0 0 0 0 0 0 0 0 0 0 0 0 0 0.25 0.75 0 0 0 
0 0 0 0 0 0 0 0 0 0 0 0 0 0 1 0 0 0 
0 0 0 0 0 0 0 0 0 0 0 0 0 0 0.5 0.5 0 0 
0 0 0 0 0 0 0 0 0 0 0 0 0 0 0 1 0 0 
0 0 0 0 0 0 0 0 0 0 0 0 0 0 0 0.666667 0.333333 0 
0 0 0 0 0 0 0 0 0 0 0 0 0 0 0 0.333333 0.666667 0 
0 0 0 0 0 0 0 0 0 0 0 0 0 0 0 0 1 0 
0 0 0 0 0 0 0 0 0 0 0 0 0 0 0 0 0.666667 0.333333 
0 0 0 0 0 0 0 0 0 0 0 0 0 0 0 0 0.333333 0.666667 
0 0 0 0 0 0 0 0 0 0 0 0 0 0 0 0 0 1 
0.2 0 0 0 0 0 0 0 0 0 0 0 0 0 0 0 0 0.8 
0.4 0 0 0 0 0 0 0 0 0 0 0 0 0 0 0 0 0.6 
0.6 0 0 0 0 0 0 0 0 0 0 0 0 0 0 0 0 0.4 
0.8 0 0 0 0 0 0 0 0 0 0 0 0 0 0 0 0 0.2 
0.00217381 0.00416359 0.00629574 0.00431916 0.00224405 0.00304803 0.00382299 0.011245 0.0418881 0.242499 0.41134 0.157951 0.0578041 0.0326633 0.00923407 0.00435965 0.00230711 0.0026419 
0.00127237 0.00337785 0.0101215 0.00359041 0.00136152 0.00243724 0.00443412 0.0175961 0.0739107 0.114712 0.12648 0.21166 0.269789 0.130681 0.0184469 0.00531601 0.00213776 0.002676 
0.00661978 0.0158625 0.0601268 0.0671355 0.0440266 0.103026 0.241073 0.371824 0.0549149 0.00506351 0.00350602 0.00353054 0.00435666 0.00497168 0.003835 0.00308772 0.00306977 0.00397006 
0.00686716 0.00914688 0.0159031 0.0191194 0.0163526 0.0297759 0.157553 0.676287 0.0458219 0.00197518 0.00171565 0.00192929 0.00244789 0.00286108 0.002961 0.00252221 0.00334903 0.0034121 
0.34743 0.2211 0.0824329 0.016059 0.00606123 0.00488603 0.00421674 0.00733025 0.0124783 0.00969311 0.00949463 0.0118889 0.0200023 0.0344881 0.030751 0.0246283 0.0308367 0.126222 
0.0124397 0.00653454 0.00795579 0.00543788 0.00277769 0.00510971 0.00750387 0.0145735 0.00764175 0.00363684 0.00302134 0.00412398 0.00766338 0.0318028 0.047374 0.241484 0.384107 0.206813 
0.00454286 0.00753833 0.0220912 0.0243967 0.0253655 0.135733 0.527135 0.208199 0.019597 0.00311664 0.00247589 0.0025185 0.00293657 0.00309847 0.0030898 0.00241108 0.00272681 0.00302748 
0.464039 0.0715345 0.0310553 0.00887131 0.00376394 0.00414875 0.00456354 0.00840755 0.0109958 0.00702535 0.00600288 0.00704618 0.0111791 0.0200793 0.0161428 0.0158945 0.0191893 0.290061 
0.453423 0.348303 0.0478841 0.0065385 0.00234499 0.00194258 0.00187399 0.00353482 0.00898884 0.00711619 0.00632295 0.00687967 0.00946102 0.0126804 0.0126965 0.00979519 0.0112364 0.0489778 
0.176923 0.0817362 0.0518047 0.0196848 0.00867534 0.00784789 0.00679365 0.0116081 0.0130741 0.0102046 0.0110871 0.0168631 0.0403011 0.119732 0.0866817 0.0604007 0.0727613 0.20382 
0.166365 0.0276823 0.0219401 0.00905414 0.00413292 0.00492531 0.00547434 0.010198 0.0105923 0.00709906 0.00673953 0.00925745 0.0183721 0.0518696 0.0447673 0.0476268 0.0732499 0.480654 
0.0746522 0.029989 0.0167497 0.0121665 0.00683187 0.0064022 0.00512381 0.00765439 0.00538893 0.00445169 0.00574035 0.0106905 0.0300764 0.180371 0.189253 0.135751 0.124858 0.153849 
0.00255177 0.00798786 0.0571442 0.10682 0.154488 0.391136 0.178338 0.064064 0.0180524 0.00359695 0.00229236 0.00212067 0.00246158 0.00264463 0.00185671 0.00143558 0.00119412 0.0018147 
0.0062394 0.0280914 0.202023 0.0953322 0.0210711 0.0305666 0.0496499 0.323816 0.183974 0.0127672 0.00670252 0.00624058 0.00791297 0.00905916 0.00527407 0.00377377 0.0030594 0.00444655 
0.0102923 0.0343204 0.126308 0.0402141 0.0104708 0.011956 0.0156445 0.174739 0.405863 0.0473218 0.0190915 0.0173271 0.0227165 0.0253005 0.0139926 0.0085367 0.00714138 0.00876413 
0.032327 0.119784 0.297098 0.0382333 0.00813502 0.00756303 0.00778822 0.0218805 0.0508005 0.0319105 0.0254187 0.031755 0.0723878 0.126637 0.0554855 0.0235779 0.0203535 0.028865 
0.01005 0.0175574 0.0282938 0.01472 0.00640873 0.00606802 0.00631166 0.0738547 0.59388 0.119508 0.0222664 0.018225 0.0220472 0.0235294 0.0133903 0.00830159 0.00764278 0.00794428 
0.023639 0.0119283 0.00268101 0.00706966 0.00638656 0.00466639 0.00222297 0.00197436 0.000362483 0.000308158 0.000601433 0.00173417 0.00591286 0.204183 0.535307 0.13703 0.0355941 0.0183999 
0.0473271 0.0192976 0.00493128 0.00717442 0.0053738 0.00324741 0.00151477 0.00156934 0.000675063 0.000756226 0.001494 0.00419898 0.0193421 0.409286 0.332172 0.0591061 0.0463576 0.036176 
0.0811801 0.0563855 0.0302242 0.0192884 0.00988089 0.00784116 0.00542496 0.00810534 0.00618161 0.00527687 0.00693756 0.0136973 0.0583852 0.366983 0.155077 0.0499164 0.0484805 0.0707333 
0.00140815 0.00241447 0.00202029 0.00283173 0.0019375 0.0023002 0.00214729 0.00445124 0.00731267 0.24336 0.667567 0.0402032 0.00952081 0.00716718 0.00215926 0.00137803 0.000830504 0.000990874 
0.00519561 0.00759066 0.00850488 0.00632397 0.003517 0.00358665 0.00353514 0.0112756 0.13712 0.548542 0.138372 0.0424717 0.0314956 0.0264197 0.0107932 0.00610889 0.00451307 0.00463436 
0.000212325 0.000830776 0.00521417 0.000997568 0.00028285 0.000729768 0.00206831 0.0109161 0.0552596 0.0499461 0.0382298 0.0810649 0.432964 0.30503 0.012839 0.00201751 0.000575572 0.00082254 
0.0101521 0.0272384 0.0687287 0.0225012 0.00742074 0.00927798 0.0122546 0.0565404 0.226302 0.13814 0.0636464 0.0619623 0.104621 0.119713 0.0352459 0.0147445 0.00957586 0.0119353 
0.004624 0.0122074 0.0318765 0.0111403 0.00398997 0.00595873 0.00908174 0.0364402 0.136113 0.125541 0.0795576 0.0935114 0.193489 0.199164 0.0339335 0.0107602 0.00551976 0.00709103 
0.00529706 0.00447596 0.00434144 0.00611345 0.00607545 0.00744904 0.0434864 0.867779 0.0437718 0.000512979 0.000554166 0.000702469 0.000940313 0.00116038 0.00151937 0.00138559 0.00239764 0.00203769 
0.00793298 0.0110514 0.0190704 0.0207604 0.0145601 0.0192012 0.0460396 0.709304 0.12571 0.00232418 0.00193313 0.00218061 0.00281939 0.00335705 0.00334138 0.00283285 0.00375786 0.00382342 
0.153502 0.440054 0.221477 0.0126426 0.00338835 0.00176717 0.00114462 0.00194619 0.00585806 0.00598195 0.00682365 0.00872013 0.0139171 0.0198047 0.0237037 0.0157964 0.0230917 0.0403807 
0.00326309 0.00635866 0.0263935 0.0313917 0.0455085 0.378425 0.406812 0.0626569 0.0154512 0.0035185 0.00263205 0.00253441 0.00284071 0.00286115 0.00273188 0.00204034 0.00208768 0.00249199 
0.00223845 0.00277582 0.00795872 0.00656761 0.00799414 0.160692 0.73002 0.057546 0.00753505 0.00197366 0.0017246 0.0017124 0.00183601 0.00171131 0.00224569 0.00159706 0.00199613 0.0018757 
0.296564 0.0711224 0.0413191 0.0133873 0.00576452 0.00584649 0.00581101 0.0103848 0.0127451 0.00897769 0.00859333 0.0113319 0.0211483 0.0470499 0.0383079 0.0353245 0.0467367 0.319585 
0.303705 0.0191978 0.0145401 0.00544591 0.00240168 0.00332881 0.00426815 0.00828293 0.00793777 0.00433497 0.00347152 0.00415442 0.00703634 0.015295 0.0111545 0.0129891 0.0174704 0.554986 
0.0835382 0.019627 0.0164797 0.00839755 0.00409818 0.00503516 0.00554853 0.0100933 0.00903383 0.00618491 0.00623007 0.00922642 0.0195681 0.0719108 0.0757788 0.0925727 0.144856 0.411821 
0.000633266 0.00304606 0.0423452 0.15317 0.375834 0.31744 0.0549086 0.0314766 0.0123011 0.00238769 0.00123869 0.00101639 0.00111277 0.00113603 0.000634219 0.000465662 0.000296443 0.000557156 
0.00109212 0.00279278 0.0201015 0.0279686 0.166391 0.651702 0.0861871 0.0180702 0.0109414 0.00313937 0.00204148 0.00175121 0.00180241 0.00164572 0.00144276 0.000985219 0.000829493 0.00111631 
0.00222198 0.0133347 0.203423 0.288391 0.0711955 0.114118 0.12082 0.144372 0.027417 0.00310957 0.00164549 0.00152687 0.00197459 0.00245263 0.00114506 0.000942397 0.000649798 0.00126181 
0.00933774 0.0223683 0.0651009 0.0352521 0.0123699 0.0133942 0.0176872 0.39307 0.365539 0.0117402 0.00654316 0.00649555 0.00831531 0.00953397 0.00697037 0.00508072 0.00522261 0.00597916 
0.00275915 0.0270626 0.44422 0.0836091 0.00817562 0.01343 0.0242756 0.162253 0.173514 0.0182923 0.00764026 0.00646809 0.00827054 0.00920714 0.00408081 0.00250604 0.00158371 0.00265119 
0.00117475 0.014503 0.44836 0.214836 0.0162427 0.0309593 0.0523433 0.161746 0.046173 0.00382366 0.00161862 0.00140447 0.00186893 0.00235671 0.000831798 0.000626853 0.000352369 0.000779224 
0.00970207 0.0173378 0.0316779 0.0167462 0.00681473 0.00609364 0.00639604 0.238697 0.580926 0.0204618 0.00838935 0.00805368 0.0102349 0.0115427 0.00840524 0.00582838 0.00628024 0.0064115 
0.0138272 0.112108 0.652572 0.0184497 0.00177319 0.00124605 0.00120184 0.00402501 0.0228922 0.017547 0.0147224 0.0163958 0.0262289 0.0313669 0.0266532 0.0119524 0.0130417 0.0139966 
0.00745373 0.00872621 0.00882359 0.00618411 0.00334617 0.00247692 0.00203301 0.0639436 0.791632 0.0564416 0.00709076 0.00619088 0.00741237 0.00822315 0.00612311 0.00431697 0.00504099 0.00454088 
0.00830477 0.0117739 0.0136441 0.00910805 0.00472831 0.00417359 0.00383974 0.0243151 0.525102 0.287318 0.0238916 0.0166588 0.0184864 0.0192107 0.0104936 0.00663656 0.0061861 0.00612935 
0.0411891 0.0226206 0.00533778 0.00770434 0.00546404 0.00290596 0.0011801 0.00119846 0.000478307 0.000508946 0.00097043 0.00280613 0.0290079 0.691483 0.140695 0.0137282 0.0158254 0.0168967 
0.00433943 0.00462869 0.00281378 0.00349473 0.00248001 0.00192829 0.00134396 0.00327942 0.119775 0.775542 0.045279 0.00919241 0.0072793 0.00736494 0.00370031 0.00264362 0.00252021 0.00239428 
0.007837 0.0152799 0.041633 0.0439115 0.0285044 0.0519577 0.141988 0.551556 0.0820332 0.00429947 0.00316411 0.00332103 0.00417243 0.00483757 0.00408871 0.00334932 0.00370927 0.00435759 
0.0084026 0.0216202 0.0794241 0.0612265 0.0256367 0.036839 0.0661538 0.488068 0.164141 0.00745458 0.00477701 0.00480637 0.00607828 0.00703541 0.00519334 0.00404494 0.00403973 0.00505903 
0.00847918 0.0172572 0.0478967 0.0446776 0.0245223 0.0369162 0.078531 0.57054 0.131592 0.00503585 0.00357273 0.00373628 0.00473361 0.00551589 0.00454571 0.00367428 0.0040419 0.00473146 
0.0083264 0.0125378 0.0230301 0.0209887 0.011976 0.013108 0.0209952 0.633517 0.224779 0.00307274 0.00236601 0.00262165 0.00340172 0.00403841 0.00384182 0.00316039 0.00408039 0.00415893 
0.0699147 0.578804 0.282297 0.00330101 0.000731837 0.000224422 0.000100468 0.000152583 0.000896272 0.00145892 0.00218259 0.00296547 0.00436518 0.00531756 0.0108306 0.00685773 0.0141947 0.0154048 
0.0627491 0.35237 0.424485 0.0111672 0.0020039 0.00085394 0.000490748 0.000910353 0.00399967 0.00481498 0.00606259 0.00810709 0.0134244 0.0182829 0.0248937 0.0144091 0.023709 0.0272655 
0.178043 0.620541 0.120621 0.00476478 0.00134921 0.000685752 0.000462239 0.000794531 0.00321722 0.00347875 0.00380584 0.00443013 0.0060508 0.00728849 0.0101449 0.00679224 0.00974075 0.0177902 
0.00154627 0.00203001 0.00745034 0.00603013 0.0104138 0.46238 0.478126 0.0118513 0.00553452 0.00196555 0.00167839 0.00159672 0.00163896 0.0014408 0.00194701 0.00131212 0.00156467 0.00149322 
0.364133 0.124544 0.0559798 0.0146757 0.00601381 0.00555874 0.00523714 0.00922112 0.0130482 0.00947234 0.00903179 0.0114609 0.0199719 0.0382767 0.0321501 0.0281428 0.0356138 0.217469 
0.216611 0.171233 0.10261 0.0239371 0.00893077 0.00716536 0.00592589 0.0103939 0.0153401 0.0120711 0.0125341 0.0173869 0.0357923 0.0767349 0.058203 0.040348 0.0489644 0.135818 
0.00023243 0.000897965 0.0127334 0.0243077 0.46824 0.45454 0.0138023 0.00854044 0.00893719 0.00248382 0.00129288 0.000952933 0.000890344 0.000730123 0.000539042 0.000330479 0.000211401 0.00033775 
7.91408e-05 0.000819942 0.0283026 0.38318 0.414331 0.105332 0.0304278 0.0277612 0.00749519 0.000903974 0.000332431 0.000238444 0.000258609 0.000272411 9.12005e-05 6.73874e-05 2.83108e-05 7.75952e-05 
0.00233378 0.00501861 0.025741 0.0340994 0.0797527 0.54878 0.23825 0.0331109 0.0127247 0.00336319 0.00241462 0.00224277 0.00244941 0.0023955 0.00222081 0.00161498 0.00154797 0.00194002 
0.000254554 0.0035122 0.250603 0.530539 0.0336073 0.0521664 0.0545774 0.0664757 0.00644145 0.000503214 0.000202558 0.000177536 0.000247 0.000352316 9.33964e-05 8.46465e-05 4.0861e-05 0.000120847 
0.00774318 0.010614 0.0158937 0.011572 0.00567136 0.00461715 0.00480599 0.464915 0.442766 0.00358839 0.00241653 0.002656 0.00348602 0.00413345 0.00393653 0.00309858 0.00416599 0.00391927 
0.00892763 0.0148251 0.0262909 0.0156606 0.00667837 0.00578897 0.00609886 0.346229 0.515685 0.00912323 0.0048631 0.00497062 0.00640875 0.00739801 0.00606388 0.0044662 0.00526832 0.0052532 
0.00887768 0.0160768 0.0353184 0.0255332 0.011607 0.0120684 0.0163977 0.5198 0.312059 0.00547155 0.0036601 0.00387258 0.00499457 0.00584391 0.00499798 0.00390841 0.0046117 0.00490159 
0.000168793 0.00779295 0.772365 0.058965 0.00149806 0.00422201 0.0117777 0.0742757 0.0576002 0.00499936 0.00147114 0.00106341 0.0013578 0.00153715 0.000385491 0.00022023 8.47707e-05 0.000214721 
0.000577498 0.0121781 0.601821 0.137035 0.00618839 0.0138745 0.0290133 0.131113 0.0554055 0.00440428 0.00158674 0.00128458 0.0016997 0.00208406 0.000623106 0.000424494 0.000203687 0.000482404 
0.00521313 0.0395844 0.393545 0.0562593 0.00694017 0.0096303 0.0154432 0.108304 0.228599 0.039078 0.0167586 0.0146197 0.0194804 0.0213877 0.0101656 0.00558182 0.00384367 0.00556554 
8.60412e-05 0.00329557 0.559158 0.311706 0.00505287 0.0140809 0.0275394 0.0711296 0.00690973 0.000357667 0.000112021 9.30447e-05 0.00013882 0.000213165 3.76531e-05 3.24539e-05 1.2151e-05 4.41428e-05 
0.000287349 0.0051595 0.394097 0.403089 0.0164936 0.0331655 0.0478834 0.0875052 0.00992904 0.000690363 0.000264159 0.000229909 0.000326615 0.000470527 0.000117232 0.000102279 4.78093e-05 0.00014235 
0.006582 0.00708862 0.00735961 0.00512736 0.00267239 0.00176715 0.00140591 0.265564 0.671409 0.0049632 0.00241315 0.00255913 0.00331848 0.00387911 0.00372213 0.00281636 0.00397873 0.00337353 
0.00978561 0.0163162 0.026219 0.0140104 0.00606131 0.0053646 0.00541066 0.14336 0.648555 0.04319 0.0120814 0.010873 0.0134893 0.0148633 0.010003 0.00665626 0.00685924 0.0069014 
0.00815923 0.0108868 0.0119224 0.00830152 0.00439557 0.00361876 0.00317049 0.0346905 0.67791 0.164073 0.0130539 0.010272 0.0119483 0.0129861 0.00810398 0.005466 0.00562615 0.00541592 
0.00542302 0.00570428 0.0036957 0.004097 0.00273122 0.00191815 0.001299 0.00661062 0.588517 0.349891 0.00533964 0.00388667 0.00447866 0.00526057 0.00324144 0.00246619 0.00282346 0.00261678 
0.00689772 0.00902493 0.00898371 0.00684862 0.00386689 0.00340648 0.00299503 0.0118565 0.333053 0.490137 0.0387552 0.020029 0.0193906 0.0189663 0.00950106 0.00590863 0.00524791 0.00513163 
0.0278476 0.442484 0.476587 0.00184515 0.000261077 5.97607e-05 2.22671e-05 3.57956e-05 0.000353907 0.000778749 0.00139761 0.00204138 0.00307345 0.00356609 0.00964345 0.00546345 0.0142215 0.0103172 
0.0266611 0.241996 0.615496 0.00734983 0.000795416 0.000294255 0.000162964 0.000355717 0.00263627 0.00369401 0.00489059 0.00650411 0.010373 0.0126193 0.020501 0.010491 0.0190648 0.0161147 
0.0589879 0.212835 0.364295 0.0282875 0.00576628 0.00394735 0.00319814 0.00720565 0.019681 0.0159611 0.015622 0.0202211 0.0398702 0.065106 0.0477048 0.024402 0.0278208 0.0390875 
0.284767 0.414519 0.110613 0.0112529 0.00366713 0.00242463 0.00189234 0.00329987 0.00829125 0.00728049 0.00734143 0.00876192 0.013233 0.0188291 0.0200352 0.0145958 0.0188066 0.0503895 
0.0765027 0.783133 0.115025 0.000996038 0.000264048 8.48655e-05 4.14562e-05 6.40129e-05 0.000460527 0.000756449 0.00104948 0.00129506 0.00167588 0.00180237 0.00390789 0.00247481 0.00474943 0.00571717 
0.213662 0.290391 0.155341 0.0209292 0.00672836 0.0046204 0.00353857 0.00620386 0.0122823 0.0103611 0.0108184 0.0141149 0.0252386 0.0431931 0.0389035 0.0269482 0.0344032 0.0823226 
0.113857 0.124862 0.0999172 0.0299848 0.0112734 0.00939208 0.00768396 0.0139865 0.0176034 0.0135798 0.0144913 0.0223653 0.0628694 0.18155 0.0938087 0.045911 0.0476913 0.0891728 
0.00112297 0.00684341 0.125266 0.362765 0.143081 0.167676 0.0991879 0.0734571 0.012945 0.00171053 0.000886066 0.000803512 0.00101931 0.00125967 0.00055983 0.000471429 0.000305075 0.000640674 
0.0100237 0.0269746 0.081708 0.0342217 0.0105836 0.0113357 0.014215 0.25886 0.443616 0.025757 0.0115603 0.0108834 0.0139749 0.0157237 0.0100958 0.00675693 0.00633856 0.00737129 
0.008635 0.0252783 0.100007 0.0547527 0.0173698 0.0215967 0.0324232 0.40673 0.269169 0.0116916 0.00664215 0.00648949 0.00825402 0.00945424 0.00650816 0.00477162 0.00455131 0.00567595 
0.00711757 0.0311967 0.192559 0.0697458 0.0147516 0.0195367 0.0298025 0.283637 0.269378 0.0191669 0.00938459 0.00864871 0.0110369 0.0124541 0.00722386 0.00488236 0.00399547 0.00548301 
0.00812735 0.0249217 0.110598 0.0685275 0.0225214 0.0307412 0.0501719 0.42494 0.202588 0.0100601 0.00592079 0.0057897 0.0073326 0.00843363 0.00575021 0.0043108 0.00403007 0.00523502 
0.00753377 0.00970147 0.0144214 0.0128753 0.00734824 0.00666646 0.00852925 0.609702 0.298488 0.00217705 0.00172956 0.00197628 0.00260467 0.00312925 0.00320306 0.00265055 0.00373377 0.00352971 
0.00279527 0.0232278 0.378606 0.136657 0.0159952 0.0270373 0.0467804 0.218754 0.11327 0.00978646 0.00446478 0.00391638 0.00502021 0.00585633 0.00264108 0.00184158 0.00120465 0.00214487 
2.58649e-05 0.00227877 0.727546 0.183714 0.00158785 0.00600038 0.0156539 0.0567723 0.00582323 0.000245616 6.28981e-05 4.8968e-05 7.49889e-05 0.000117675 1.54917e-05 1.25266e-05 3.77371e-06 1.58393e-05 
0.00675905 0.00712387 0.00695882 0.00477977 0.0025573 0.00170416 0.00132618 0.159453 0.765169 0.0115128 0.00360865 0.00355618 0.0044557 0.00507078 0.00451695 0.00330231 0.00441182 0.00373447 
0.00496486 0.00489815 0.00317684 0.00338918 0.00224212 0.00147108 0.000975013 0.0141649 0.819355 0.124617 0.00268845 0.00234893 0.00289035 0.00350413 0.00252476 0.00199546 0.00253706 0.00225665 
0.00706025 0.0138567 0.0254125 0.0117664 0.00501973 0.00594361 0.00729132 0.0315117 0.237699 0.283516 0.0994148 0.0703681 0.0796658 0.0712024 0.023806 0.0110284 0.00729139 0.00814581 
0.0313219 0.179655 0.525044 0.0215335 0.00303302 0.00192117 0.00157414 0.00410008 0.0169314 0.0144589 0.0138866 0.0170298 0.0301584 0.0417015 0.0357121 0.0173033 0.020611 0.0240241 
0.324888 0.538887 0.0521639 0.003949 0.00123087 0.000883759 0.000809913 0.00159207 0.00598272 0.00530565 0.00479839 0.00502259 0.00644227 0.00756743 0.00868256 0.00593956 0.00688004 0.018974 
0.122411 0.319202 0.266918 0.021052 0.00535501 0.00319204 0.00225545 0.00415708 0.0106079 0.00972173 0.0105721 0.0139129 0.0250037 0.0399506 0.0382078 0.02356 0.0312598 0.052661 
0.16868 0.125623 0.0839734 0.0253336 0.0100595 0.00842929 0.00698529 0.0122177 0.0155604 0.0122116 0.0130857 0.0194946 0.0469163 0.123818 0.0815515 0.0503297 0.0577889 0.137941 
0.0663927 0.142764 0.187579 0.036284 0.0104659 0.0089112 0.00789637 0.0171371 0.0284794 0.0203347 0.0192698 0.0272321 0.0721811 0.164708 0.0750526 0.0331981 0.0316664 0.0504474 
0.000159273 0.00205263 0.154456 0.621457 0.0565261 0.0633521 0.0493308 0.0472293 0.00423229 0.000345348 0.000137169 0.000118055 0.000160753 0.000226319 5.91099e-05 5.43337e-05 2.53581e-05 7.75081e-05 
0.00769415 0.0360302 0.214078 0.0576635 0.0111846 0.0142481 0.020865 0.199407 0.31552 0.0324245 0.0143415 0.0129385 0.0168039 0.0187335 0.0101454 0.00630318 0.00495421 0.00666474 
0.00964562 0.0238658 0.0686891 0.0331246 0.0110306 0.0116544 0.0147135 0.328596 0.417807 0.0163884 0.00828112 0.0080417 0.0103028 0.0117166 0.00815945 0.00573757 0.0057161 0.00652952 
0.00896301 0.0190365 0.0526886 0.039087 0.0172171 0.0209032 0.0332169 0.527172 0.235163 0.00649417 0.00428917 0.00443648 0.00566438 0.00658695 0.0052816 0.00412515 0.00451047 0.00516488 
0.00400776 0.028208 0.335077 0.0992175 0.0134636 0.0208781 0.035426 0.227648 0.177381 0.0154998 0.00710645 0.0062653 0.00798427 0.00904862 0.00445367 0.00295866 0.00206647 0.00330919 
0.0066342 0.0106595 0.0146941 0.00871909 0.00431761 0.00454769 0.00485764 0.0191517 0.238713 0.423965 0.0940439 0.0483268 0.0448995 0.0393826 0.0159144 0.00845539 0.00622114 0.00649618 
0.00846242 0.0144785 0.0220129 0.0117652 0.00541196 0.00557745 0.00601267 0.030535 0.365043 0.311528 0.0569285 0.0378373 0.0415813 0.0401419 0.0176159 0.00960619 0.00751914 0.00794314 
0.00943611 0.0206683 0.0427154 0.0174256 0.00668948 0.007746 0.00951555 0.0491166 0.309329 0.206221 0.0664499 0.0539123 0.0709396 0.0718644 0.0262614 0.0126198 0.00888379 0.0102058 
0.0117639 0.0331074 0.0917234 0.0295425 0.00901619 0.0102578 0.0128885 0.0898579 0.367104 0.111056 0.0392482 0.0348331 0.0484435 0.0536282 0.0238107 0.012558 0.00961591 0.0115443 
0.0100647 0.0193729 0.0344714 0.0162393 0.0067359 0.00697991 0.00778585 0.053851 0.452578 0.194802 0.0408092 0.0316155 0.0383895 0.0395866 0.0186451 0.0104203 0.00846483 0.00918805 
0.011164 0.0288812 0.0714891 0.0244916 0.00813571 0.00949473 0.0119689 0.0676819 0.315897 0.14544 0.0529401 0.0469351 0.0677224 0.0741566 0.0282548 0.0137022 0.00984942 0.0117961 
0.0130441 0.0495543 0.177986 0.0376006 0.00884616 0.0105912 0.0139763 0.0674915 0.209193 0.0867429 0.0429727 0.042928 0.0733459 0.0914199 0.0339045 0.015334 0.010841 0.0142282 
0.0110439 0.0244215 0.0518078 0.0214524 0.00792867 0.00839713 0.00977131 0.0820925 0.465787 0.129258 0.0343136 0.0287156 0.0367339 0.0392775 0.0192181 0.0108652 0.00891645 0.00999974 
0.0112832 0.0288603 0.0746417 0.0280376 0.0091166 0.00975057 0.011751 0.130716 0.473209 0.0734497 0.0243503 0.0215359 0.0280082 0.030779 0.0165655 0.00985934 0.00840351 0.00968181 
0.0260667 0.0631897 0.100387 0.0315889 0.0102825 0.0112079 0.0116756 0.0287122 0.0377497 0.0232471 0.0196457 0.0291897 0.119315 0.354565 0.0727912 0.0213593 0.0154373 0.0235894 
0.0490245 0.0651387 0.0520504 0.0262234 0.0112482 0.0100366 0.00792326 0.0140009 0.0117087 0.00841821 0.00927744 0.0167378 0.0858187 0.441411 0.103601 0.0275171 0.0236678 0.0361964 
0.120916 0.206592 0.190084 0.0304477 0.00912624 0.0068034 0.00546134 0.0104804 0.0187576 0.0148724 0.0152236 0.0210674 0.0459176 0.0927689 0.0624992 0.0352479 0.0399367 0.0737972 
0.0107554 0.0251378 0.0606863 0.0257689 0.00886844 0.00901985 0.010526 0.181506 0.518749 0.0435774 0.0158229 0.014419 0.0184404 0.0204592 0.0125071 0.00801339 0.00744187 0.00830094 
0.0107123 0.021415 0.0413944 0.0191678 0.00749972 0.00737724 0.0081233 0.112173 0.566345 0.0801375 0.0209741 0.0180823 0.0226139 0.0245348 0.0141347 0.00874955 0.00798225 0.00858302 
0.0172336 0.0603655 0.171141 0.0358768 0.00900981 0.0105713 0.0130958 0.0458939 0.107077 0.0581678 0.0377289 0.0447904 0.108562 0.178672 0.0509277 0.0191181 0.0132279 0.0185392 
0.025168 0.0800711 0.183171 0.0374369 0.00967377 0.0103999 0.0116146 0.0339376 0.0656885 0.0387435 0.0291263 0.0376608 0.104506 0.20778 0.0613723 0.0224665 0.0167782 0.0244048 
0.0062052 0.0193577 0.0498259 0.0162244 0.00525949 0.00796235 0.0116731 0.039729 0.0754407 0.0455805 0.0309434 0.0426869 0.18611 0.393829 0.0444823 0.0107631 0.00557565 0.00835089 
0.000527953 0.00223218 0.0111802 0.00265662 0.000770737 0.00184928 0.00448473 0.0203891 0.0563834 0.0341823 0.0211183 0.0312847 0.265916 0.522811 0.0192299 0.00268775 0.000873394 0.0014226 
0.00746529 0.0214067 0.0402384 0.0166615 0.00591318 0.0084149 0.0106793 0.028695 0.0308029 0.0167378 0.0128457 0.0199477 0.142274 0.568518 0.0475526 0.00893162 0.00490688 0.00800898 
0.000581844 0.00162675 0.00436858 0.00211182 0.000908146 0.00176805 0.00322994 0.0113406 0.0330204 0.0753385 0.222434 0.439409 0.152541 0.0398299 0.00703663 0.00243164 0.000880407 0.00114301 
0.497926 0.179767 0.0458379 0.00970251 0.00386597 0.00360612 0.00359117 0.00651127 0.0112792 0.00807383 0.00716886 0.00823509 0.0123663 0.019415 0.0172723 0.0150718 0.0177604 0.132549 
0.649444 0.0677649 0.0179578 0.00469757 0.00197258 0.00245958 0.00310459 0.0060527 0.00852377 0.00489239 0.003682 0.00385827 0.00536664 0.00818321 0.00622255 0.00607432 0.00623238 0.193511 
0.780718 0.0882606 0.0096437 0.0020025 0.000796133 0.00105357 0.00150262 0.00323616 0.00637086 0.00373228 0.00259456 0.00246081 0.00303874 0.00394481 0.00311407 0.00277886 0.0025389 0.0822123 
0.619097 0.221154 0.0236797 0.00402909 0.00153685 0.00156074 0.00179998 0.00362361 0.00873813 0.00625651 0.00503053 0.00513955 0.00667601 0.0087571 0.00814646 0.0067166 0.00707724 0.0609805 
0.116352 0.053517 0.0319699 0.0170647 0.00847183 0.00754896 0.00608956 0.00972017 0.00880238 0.00726738 0.00878484 0.015235 0.0439919 0.193948 0.138513 0.0808618 0.0878173 0.164045 
0.00338231 0.00510912 0.00504852 0.00477162 0.00289966 0.00311491 0.00299697 0.00779919 0.0422524 0.504286 0.31911 0.0432511 0.0224987 0.0177232 0.00649845 0.00383326 0.00261682 0.00280819 
0.00496496 0.0126728 0.0587143 0.0758262 0.0636759 0.207157 0.323185 0.191761 0.0321314 0.00461416 0.00315949 0.00309377 0.00371693 0.00412404 0.00315191 0.00249973 0.00235965 0.00319211 
0.00570297 0.0120767 0.042246 0.0499396 0.0418785 0.137009 0.359224 0.286141 0.0348393 0.00422326 0.00307088 0.00309542 0.00373453 0.00414359 0.00347621 0.00277975 0.00286535 0.00355408 
0.00498839 0.0179059 0.121289 0.14256 0.0665858 0.134362 0.191827 0.24086 0.0484785 0.00548015 0.00335771 0.00323298 0.00403234 0.00469989 0.00295058 0.00235681 0.0019867 0.00304597 
0.00379764 0.0103243 0.0569332 0.0847658 0.0917693 0.316783 0.28097 0.106072 0.0233176 0.00417221 0.00280412 0.00268238 0.00316221 0.00343914 0.0025865 0.00202331 0.00182639 0.00257057 
0.0067381 0.0217218 0.115295 0.102487 0.0416335 0.0729053 0.131424 0.374135 0.0915141 0.00714023 0.00441682 0.0043169 0.00541919 0.00628802 0.00418393 0.00328195 0.00294674 0.00415228 
0.00585722 0.0252289 0.187738 0.120487 0.0311239 0.0490215 0.0812337 0.331342 0.12162 0.0092632 0.00514472 0.0048557 0.00614605 0.00713893 0.00420017 0.00315459 0.00257186 0.00387209 
0.00349123 0.0136177 0.114263 0.181266 0.102168 0.201939 0.189245 0.142862 0.0289927 0.00407676 0.00245457 0.00232654 0.00288069 0.00336136 0.00200889 0.00162254 0.0012953 0.00212848 
0.00366725 0.020064 0.230987 0.197385 0.0445129 0.0752946 0.109095 0.23189 0.0595725 0.00578204 0.00309989 0.00288403 0.00369332 0.0044375 0.0022754 0.0017785 0.0013067 0.00227402 
0.0032297 0.0214596 0.298204 0.181242 0.029169 0.0488748 0.0771076 0.234304 0.0768758 0.00684638 0.00342335 0.00311275 0.0040041 0.00479169 0.00229165 0.00172494 0.00119896 0.00213964 
0.0015377 0.0128603 0.295867 0.306413 0.0406879 0.0680851 0.0869773 0.147714 0.0283523 0.00271625 0.00130183 0.00118254 0.00156888 0.00201221 0.000797454 0.000651944 0.000405471 0.000868737 
0.123169 0.0868519 0.0571085 0.0238476 0.0105003 0.0089348 0.00712851 0.0119737 0.0124533 0.00999034 0.0114557 0.0189969 0.0569524 0.207721 0.115488 0.0578372 0.0613497 0.118241 
0.00142626 0.00630664 0.0733127 0.209748 0.229445 0.292444 0.105358 0.0556753 0.0145736 0.00254743 0.00143618 0.00128349 0.00151987 0.00170304 0.000954534 0.000755469 0.000537033 0.000973893 
0.00414745 0.00807989 0.0147567 0.00732045 0.00329955 0.00428883 0.00560028 0.0204266 0.126574 0.292114 0.185262 0.118421 0.100297 0.0705941 0.0199168 0.00852522 0.00489037 0.00548592 
0.00358395 0.00837684 0.0199029 0.00783666 0.00308923 0.00454728 0.00682968 0.0267801 0.127124 0.178592 0.126934 0.131845 0.17614 0.132289 0.0265445 0.00923991 0.00469266 0.00565271 
0.00747801 0.0176253 0.0397865 0.0151477 0.00565809 0.00728831 0.00976905 0.0425435 0.209352 0.183282 0.0855406 0.0785415 0.118209 0.117846 0.0317467 0.0128607 0.00786601 0.00945847 
0.00858296 0.0313653 0.144717 0.0527374 0.012859 0.0155796 0.0219922 0.270616 0.341593 0.023471 0.0111405 0.0103545 0.0132897 0.0149537 0.00899664 0.00598884 0.0051593 0.00660307 
0.0105176 0.0437518 0.194563 0.0435682 0.00937049 0.0112411 0.0153088 0.108182 0.309019 0.069859 0.029201 0.0266073 0.0373696 0.0421978 0.0199566 0.010732 0.00810647 0.0104476 
0.00894618 0.0413442 0.220101 0.0494494 0.00966154 0.0119209 0.0168459 0.136662 0.317596 0.0517988 0.0218126 0.0196273 0.0264291 0.029473 0.014861 0.00847633 0.00647302 0.00852156 
0.0119675 0.0433718 0.156997 0.0377093 0.0092277 0.0109307 0.014436 0.0866611 0.28576 0.0906605 0.0385824 0.0359711 0.0538242 0.0621989 0.0263785 0.0132159 0.00973138 0.0123763 
0.00752085 0.0556377 0.450188 0.0418641 0.00515465 0.00632004 0.00923088 0.0486114 0.155097 0.0509151 0.0255074 0.0238236 0.0355271 0.0407294 0.019276 0.00913703 0.0065465 0.00891277 
0.00760316 0.0477316 0.345995 0.0489485 0.00716631 0.0091558 0.0135711 0.0855198 0.228952 0.0542381 0.0243194 0.0219869 0.030958 0.0347438 0.0163386 0.00845618 0.00603858 0.00827768 
0.0159551 0.0849539 0.378619 0.0387196 0.0063286 0.00667437 0.0081675 0.0307938 0.0928358 0.0468604 0.0300728 0.0326141 0.0606519 0.0835456 0.037297 0.0161986 0.0126687 0.0170429 
0.0127164 0.0640734 0.303863 0.041653 0.00741471 0.00863832 0.0114698 0.0517409 0.155062 0.0640624 0.0349172 0.0354085 0.0607855 0.0773272 0.031933 0.0143797 0.0104696 0.0140845 
0.0124412 0.0395185 0.112147 0.029487 0.00836386 0.0104727 0.0138325 0.0570189 0.165989 0.0904965 0.0500541 0.0546975 0.114327 0.156574 0.0427734 0.0166044 0.0108042 0.014399 
0.00478735 0.0552673 0.713254 0.0209319 0.00146713 0.00147378 0.00201314 0.00956177 0.0537566 0.026645 0.0162588 0.0153981 0.0219037 0.0231994 0.0153876 0.00663996 0.0054917 0.00656326 
0.00213278 0.0311276 0.652913 0.0373462 0.00246409 0.00373082 0.00686562 0.0431879 0.126272 0.0289252 0.0124119 0.0103219 0.0135704 0.0141669 0.00651737 0.0031472 0.00194308 0.00295596 
0.00791463 0.0227453 0.0595304 0.0188774 0.00615736 0.00856003 0.012141 0.0475159 0.139429 0.0944983 0.0564078 0.0664498 0.163468 0.222283 0.0420047 0.0137455 0.00779999 0.0104716 
0.00509718 0.00641054 0.0124215 0.0139414 0.013738 0.039872 0.421194 0.449952 0.0167252 0.00184607 0.00164952 0.00180557 0.00218492 0.00239688 0.00271487 0.00221298 0.00293868 0.00289887 
0.00664206 0.0116765 0.0300935 0.0345742 0.0279839 0.0693389 0.278475 0.469605 0.0418983 0.00340814 0.00264591 0.00278659 0.00343575 0.00389861 0.00353998 0.00290286 0.00331173 0.00378286 
