1 0 0 0 0 0 0 0 0 0 0 0 0 0 0 0 0 0 
0.8 0.2 0 0 0 0 0 0 0 0 0 0 0 0 0 0 0 0 
0.6 0.4 0 0 0 0 0 0 0 0 0 0 0 0 0 0 0 0 
0.4 0.6 0 0 0 0 0 0 0 0 0 0 0 0 0 0 0 0 
0.2 0.8 0 0 0 0 0 0 0 0 0 0 0 0 0 0 0 0 
0 1 0 0 0 0 0 0 0 0 0 0 0 0 0 0 0 0 
0 0.8 0.2 0 0 0 0 0 0 0 0 0 0 0 0 0 0 0 
0 0.6 0.4 0 0 0 0 0 0 0 0 0 0 0 0 0 0 0 
0 0.4 0.6 0 0 0 0 0 0 0 0 0 0 0 0 0 0 0 
0 0.2 0.8 0 0 0 0 0 0 0 0 0 0 0 0 0 0 0 
0 0 1 0 0 0 0 0 0 0 0 0 0 0 0 0 0 0 
0 0 0.833333 0.166667 0 0 0 0 0 0 0 0 0 0 0 0 0 0 
0 0 0.666667 0.333333 0 0 0 0 0 0 0 0 0 0 0 0 0 0 
0 0 0.5 0.5 0 0 0 0 0 0 0 0 0 0 0 0 0 0 
0 0 0.333333 0.666667 0 0 0 0 0 0 0 0 0 0 0 0 0 0 
0 0 0.166667 0.833333 0 0 0 0 0 0 0 0 0 0 0 0 0 0 
0 0 0 1 0 0 0 0 0 0 0 0 0 0 0 0 0 0 
0 0 0 0.5 0.5 0 0 0 0 0 0 0 0 0 0 0 0 0 
0 0 0 0 1 0 0 0 0 0 0 0 0 0 0 0 0 0 
0 0 0 0 0.666667 0.333333 0 0 0 0 0 0 0 0 0 0 0 0 
0 0 0 0 0.333333 0.666667 0 0 0 0 0 0 0 0 0 0 0 0 
0 0 0 0 0 1 0 0 0 0 0 0 0 0 0 0 0 0 
0 0 0 0 0 0.666667 0.333333 0 0 0 0 0 0 0 0 0 0 0 
0 0 0 0 0 0.333333 0.666667 0 0 0 0 0 0 0 0 0 0 0 
0 0 0 0 0 0 1 0 0 0 0 0 0 0 0 0 0 0 
0 0 0 0 0 0 0.666667 0.333333 0 0 0 0 0 0 0 0 0 0 
0 0 0 0 0 0 0.333333 0.666667 0 0 0 0 0 0 0 0 0 0 
0 0 0 0 0 0 0 1 0 0 0 0 0 0 0 0 0 0 
0 0 0 0 0 0 0 0.888889 0.111111 0 0 0 0 0 0 0 0 0 
0 0 0 0 0 0 0 0.777778 0.222222 0 0 0 0 0 0 0 0 0 
0 0 0 0 0 0 0 0.666667 0.333333 0 0 0 0 0 0 0 0 0 
0 0 0 0 0 0 0 0.555556 0.444444 0 0 0 0 0 0 0 0 0 
0 0 0 0 0 0 0 0.444444 0.555556 0 0 0 0 0 0 0 0 0 
0 0 0 0 0 0 0 0.333333 0.666667 0 0 0 0 0 0 0 0 0 
0 0 0 0 0 0 0 0.222222 0.777778 0 0 0 0 0 0 0 0 0 
0 0 0 0 0 0 0 0.111111 0.888889 0 0 0 0 0 0 0 0 0 
0 0 0 0 0 0 0 0 1 0 0 0 0 0 0 0 0 0 
0 0 0 0 0 0 0 0 0.75 0.25 0 0 0 0 0 0 0 0 
0 0 0 0 0 0 0 0 0.5 0.5 0 0 0 0 0 0 0 0 
0 0 0 0 0 0 0 0 0.25 0.75 0 0 0 0 0 0 0 0 
0 0 0 0 0 0 0 0 0 1 0 0 0 0 0 0 0 0 
0 0 0 0 0 0 0 0 0 0.5 0.5 0 0 0 0 0 0 0 
0 0 0 0 0 0 0 0 0 0 1 0 0 0 0 0 0 0 
0 0 0 0 0 0 0 0 0 0 0.5 0.5 0 0 0 0 0 0 
0 0 0 0 0 0 0 0 0 0 0 1 0 0 0 0 0 0 
0 0 0 0 0 0 0 0 0 0 0 0.5 0.5 0 0 0 0 0 
0 0 0 0 0 0 0 0 0 0 0 0 1 0 0 0 0 0 
0 0 0 0 0 0 0 0 0 0 0 0 0.5 0.5 0 0 0 0 
0 0 0 0 0 0 0 0 0 0 0 0 0 1 0 0 0 0 
0 0 0 0 0 0 0 0 0 0 0 0 0 0.75 0.25 0 0 0 
0 0 0 0 0 0 0 0 0 0 0 0 0 0.5 0.5 0 0 0 
0 0 0 0 0 0 0 0 0 0 0 0 0 0.25 0.75 0 0 0 
0 0 0 0 0 0 0 0 0 0 0 0 0 0 1 0 0 0 
0 0 0 0 0 0 0 0 0 0 0 0 0 0 0.5 0.5 0 0 
0 0 0 0 0 0 0 0 0 0 0 0 0 0 0 1 0 0 
0 0 0 0 0 0 0 0 0 0 0 0 0 0 0 0.666667 0.333333 0 
0 0 0 0 0 0 0 0 0 0 0 0 0 0 0 0.333333 0.666667 0 
0 0 0 0 0 0 0 0 0 0 0 0 0 0 0 0 1 0 
0 0 0 0 0 0 0 0 0 0 0 0 0 0 0 0 0.666667 0.333333 
0 0 0 0 0 0 0 0 0 0 0 0 0 0 0 0 0.333333 0.666667 
0 0 0 0 0 0 0 0 0 0 0 0 0 0 0 0 0 1 
0.2 0 0 0 0 0 0 0 0 0 0 0 0 0 0 0 0 0.8 
0.4 0 0 0 0 0 0 0 0 0 0 0 0 0 0 0 0 0.6 
0.6 0 0 0 0 0 0 0 0 0 0 0 0 0 0 0 0 0.4 
0.8 0 0 0 0 0 0 0 0 0 0 0 0 0 0 0 0 0.2 
0.0104901 0.0139027 0.0085921 -0.00178483 0.00177725 0.00446748 0.0039291 0.00957192 0.0489971 0.23274 0.409128 0.195929 0.0870621 -0.0243289 -0.0226242 0.0048988 0.0032094 0.0140433 
0.0186283 0.0248591 0.0146751 -0.00411186 0.00256981 0.00669988 0.00590831 0.0161585 0.0681943 0.125803 0.150498 0.238563 0.355086 -0.0256132 -0.0434502 0.0132815 0.00656154 0.025689 
0.0106295 -0.025489 0.0337892 0.117065 0.0448459 0.119434 0.231768 0.34879 0.0720016 0.00999464 0.00572018 0.00394853 0.00463802 0.00424201 0.00282062 0.00459402 0.00221222 0.00899533 
0.00552903 -0.0102351 0.0132239 0.0421106 0.0166274 0.0402277 0.171199 0.638095 0.0580763 0.00519938 0.00320089 0.00232809 0.00280155 0.00200934 0.0012674 0.00239079 0.00118936 0.00475924 
0.348595 0.292559 0.0213141 -0.044149 0.00155089 0.0126914 0.0105867 0.026144 0.037736 0.0191983 0.00931247 0.00115805 -0.00977497 0.0359187 0.0352122 0.0339631 0.0131098 0.154874 
0.010891 0.0213851 0.00336804 -0.00588205 0.000549907 0.00282487 0.00251372 0.00619282 0.0116264 0.00789422 0.00279229 -0.00531107 -0.0202587 0.0343963 0.054174 0.30627 0.246431 0.320142 
0.00545213 -0.0148392 0.0116724 0.06287 0.0314819 0.144312 0.480621 0.225256 0.027108 0.00534141 0.00316304 0.00215764 0.00244485 0.00239256 0.0016891 0.00264949 0.00125117 0.0049764 
0.452763 0.127004 0.00567542 -0.0226125 0.00051244 0.00700678 0.00606775 0.0148821 0.0220255 0.0117784 0.00532311 -0.000777807 -0.00984911 0.0239085 0.0269394 0.0296575 0.00839868 0.291297 
0.443772 0.399634 0.00411758 -0.0344528 4.10509e-05 0.00863997 0.00718199 0.0170949 0.0221251 0.0104622 0.00492354 0.000638267 -0.00426515 0.0156821 0.0158179 0.0156075 0.00503151 0.0679479 
0.180205 0.13205 0.0234244 -0.0290783 0.00248942 0.0114953 0.00986476 0.0254895 0.0452947 0.0279454 0.0142625 -0.000660434 -0.0333413 0.100673 0.0988987 0.0837194 0.0410233 0.266245 
0.164279 0.0661064 0.00874865 -0.0155945 0.00111272 0.00625408 0.00546062 0.013747 0.0240265 0.0150099 0.00688267 -0.00319118 -0.0238338 0.0526466 0.0666075 0.0824216 0.0413595 0.487957 
0.0640862 0.0567646 0.0116777 -0.0141539 0.00163726 0.00694403 0.00607728 0.0155337 0.0308485 0.0220672 0.0107613 -0.00775988 -0.0594713 0.149758 0.205203 0.182367 0.081075 0.236584 
0.00659399 -0.0295577 0.0142721 0.189347 0.15302 0.375555 0.147826 0.0811515 0.0282129 0.0068591 0.00378077 0.002328 0.00237797 0.00362747 0.00278337 0.00365921 0.00161563 0.00654749 
0.0227755 -0.032498 0.122788 0.139774 0.0278832 0.0552833 0.0624861 0.295999 0.20828 0.0234508 0.0119971 0.00857582 0.0112039 0.0081216 0.0042306 0.00819369 0.00413868 0.017316 
0.028795 0.0138375 0.0916126 0.034079 0.0124656 0.0256788 0.0249704 0.175786 0.403759 0.0633969 0.0254643 0.0193446 0.0286002 0.0101377 0.00129832 0.0109205 0.00588602 0.023968 
0.0874655 0.18737 0.150105 -0.0454379 0.00838462 0.0229326 0.0195823 0.0602122 0.119316 0.0613337 0.0328813 0.0210418 0.0346572 0.0839833 0.0314484 0.0349395 0.0168217 0.0729624 
0.0177908 0.0159148 0.0304869 0.00835127 0.00591135 0.0123713 0.0114455 0.0712624 0.57591 0.138057 0.0311186 0.0235809 0.0323659 0.00171851 -0.00436991 0.00711137 0.00417466 0.0167995 
0.0143588 0.0191158 0.00471812 -0.00499348 0.000788858 0.00301181 0.00265862 0.00665213 0.0145338 0.0118302 0.00492554 -0.0123685 -0.0537737 0.200853 0.502686 0.207845 0.0192076 0.0579508 
0.0326017 0.0364194 0.00976861 -0.00905136 0.00142792 0.00522585 0.00457607 0.011856 0.026158 0.0211076 0.01151 -0.0092589 -0.0930624 0.345534 0.368524 0.113341 0.033171 0.0901511 
0.0881214 0.0925244 0.0261275 -0.0217603 0.00299522 0.0108395 0.00936373 0.0250957 0.0519029 0.0367621 0.0209958 0.00139654 -0.0699819 0.269958 0.180569 0.0879423 0.0392965 0.147852 
0.00426099 0.00571811 0.0034283 -0.000709943 0.000763969 0.00191752 0.00168047 0.00374402 0.0169614 0.237212 0.643667 0.0706329 0.0228737 -0.0108988 -0.00962819 0.00143417 0.00120765 0.00573517 
0.0114334 0.0140801 0.0112229 -0.000487875 0.00239327 0.00559813 0.00493815 0.0123482 0.137561 0.526892 0.162792 0.0632754 0.053177 -0.0123765 -0.0142796 0.00473684 0.00318883 0.0135068 
0.0177369 0.0237651 0.0126553 -0.00465969 0.00198418 0.0054175 0.00476721 0.0133434 0.046054 0.060187 0.0580925 0.0962976 0.597635 0.0693941 -0.0515604 0.0162139 0.00699162 0.0256846 
0.039295 0.0518762 0.0548235 -0.00362298 0.0072451 0.0171128 0.0153293 0.0560646 0.236861 0.171222 0.0789865 0.0650006 0.124908 0.026251 -0.0128992 0.0202763 0.0105222 0.0407484 
0.0329746 0.0441859 0.0323293 -0.00643399 0.00479167 0.0120406 0.0106631 0.033171 0.139311 0.160324 0.107163 0.108371 0.253599 0.0294192 -0.0331948 0.0211968 0.010477 0.0396118 
0.00254583 -0.00414404 0.00551884 0.0166572 0.00651057 0.013673 0.0596266 0.83604 0.0519566 0.00234863 0.00151223 0.00112845 0.0013712 0.000872182 0.000532066 0.00109368 0.000553324 0.00220338 
0.00650411 -0.00970719 0.0175351 0.0415273 0.0145299 0.0312476 0.0699209 0.660234 0.139085 0.00622492 0.00377868 0.00280874 0.00348348 0.00217469 0.00125164 0.00263675 0.00134303 0.0054217 
0.167244 0.537334 0.0935532 -0.0702999 0.00315163 0.0165666 0.0130561 0.0320799 0.0422032 0.0187285 0.00939762 0.0034303 -0.00148685 0.0258099 0.0213163 0.020121 0.00851524 0.0592797 
0.00494872 -0.0177157 0.00906103 0.0823287 0.0564662 0.367856 0.35768 0.092458 0.0218211 0.00513021 0.0029415 0.00190337 0.00204173 0.00251658 0.00188047 0.00266374 0.00120983 0.00480828 
0.00259022 -0.00763929 0.0042764 0.0301 0.0161358 0.163679 0.681731 0.0853348 0.010749 0.00263613 0.00158136 0.00106845 0.00118555 0.00121692 0.000885472 0.00135629 0.000632274 0.00248106 
0.291775 0.126759 0.0128951 -0.0258753 0.00135925 0.00900505 0.00775267 0.0194476 0.031403 0.0179892 0.00851154 -0.00122015 -0.0183562 0.0471754 0.0522912 0.0551965 0.0224877 0.341404 
0.308189 0.0543956 0.00429586 -0.0121437 0.000508431 0.00430451 0.00377371 0.00934569 0.0149857 0.00865135 0.00378842 -0.00151546 -0.0105327 0.0219624 0.0269863 0.0346812 0.00961109 0.518713 
0.077846 0.0490693 0.0078047 -0.0123128 0.00109665 0.00548186 0.00481451 0.0121208 0.0224339 0.0149411 0.00666989 -0.00526007 -0.0318013 0.0673909 0.0970792 0.14058 0.0891172 0.452928 
0.00397421 -0.0259889 -0.000282177 0.255611 0.343102 0.300332 0.0444247 0.0378283 0.0173112 0.00477103 0.00256463 0.00147171 0.00135118 0.0027743 0.00223687 0.00271837 0.00114422 0.00465489 
0.00298757 -0.0159845 0.00131346 0.0856331 0.171571 0.61075 0.0783242 0.0344763 0.0131482 0.00360937 0.00200068 0.00120025 0.00116627 0.00197126 0.00156825 0.00200145 0.000860345 0.00340277 
0.0140224 -0.0517453 0.101166 0.366609 0.0798809 0.137425 0.101052 0.135554 0.0589158 0.0119217 0.00635465 0.00402112 0.00442255 0.00608122 0.00432333 0.00587627 0.00269414 0.0114246 
0.015869 -0.0080001 0.0548482 0.0516186 0.0140058 0.0275029 0.0313309 0.365362 0.3688 0.0209217 0.0105744 0.00805615 0.0109042 0.00486602 0.00176356 0.00580101 0.00309245 0.0126827 
0.0320712 -0.0287791 0.256441 0.125515 0.0193477 0.0393449 0.0380974 0.172285 0.205089 0.0359252 0.0169872 0.0120891 0.0169428 0.0126036 0.005602 0.0110675 0.00561184 0.0237587 
0.0226029 -0.0638453 0.267379 0.308937 0.0309256 0.0586539 0.0528355 0.14141 0.0984679 0.0182414 0.00927363 0.00613243 0.00752611 0.00856795 0.00526946 0.00774804 0.00372062 0.0161538 
0.0139636 0.00479159 0.0342689 0.019503 0.00735013 0.014558 0.0145243 0.224799 0.571585 0.0327788 0.0134528 0.0106068 0.0147623 0.00324577 -0.000258886 0.00520863 0.00293856 0.0119216 
0.0575264 0.210027 0.367242 -0.0569993 0.00883542 0.0221555 0.0188307 0.0599404 0.101257 0.0402405 0.0202637 0.0131935 0.0197875 0.0333874 0.0149873 0.0189348 0.00920258 0.0411877 
0.00832601 0.00640407 0.0137163 0.00537549 0.00320729 0.00648321 0.00598814 0.0593149 0.777373 0.0661736 0.0130213 0.010366 0.0135753 5.92102e-06 -0.00215577 0.00311285 0.00191576 0.0077964 
0.0128282 0.0131959 0.017412 0.00321949 0.00366959 0.00787528 0.0070992 0.0261612 0.506429 0.295771 0.0365396 0.0255877 0.0316139 -0.00234459 -0.00639483 0.00513154 0.003197 0.0130084 
0.0386873 0.0458843 0.0159129 -0.0108437 0.00196238 0.00644753 0.00560122 0.01529 0.0352702 0.0279814 0.0175406 0.00315865 -0.100123 0.559083 0.206128 0.0478594 0.0192657 0.0648941 
0.00502723 0.00604039 0.00497233 3.68137e-05 0.00115703 0.0026484 0.00232346 0.00501805 0.123124 0.748719 0.0642939 0.0213357 0.01803 -0.00560547 -0.00599781 0.00173086 0.00132614 0.00582047 
0.00960183 -0.0182451 0.0285919 0.0791694 0.0282717 0.0674529 0.157015 0.506558 0.0989899 0.00911434 0.00533725 0.00382518 0.00463813 0.00351328 0.002185 0.00399017 0.00197706 0.00801356 
0.014427 -0.022168 0.05449 0.0979492 0.0272465 0.0566793 0.0839147 0.441781 0.182817 0.0143227 0.00793459 0.00575312 0.00726263 0.00499238 0.00279229 0.00552759 0.00279321 0.0114843 
0.0108612 -0.0176544 0.0349886 0.077145 0.0247055 0.0538326 0.0992701 0.520142 0.148869 0.010526 0.00607333 0.00441994 0.00548823 0.0037745 0.00219907 0.00431874 0.00217534 0.00886471 
0.00767571 -0.0088286 0.0226339 0.0400404 0.0125962 0.0254381 0.0403239 0.590541 0.234929 0.0077927 0.00458191 0.00346387 0.00442148 0.00240459 0.0012261 0.00296022 0.00153993 0.00625948 
0.0699654 0.667873 0.176215 -0.0597372 0.0024257 0.011801 0.0089273 0.0212638 0.025371 0.0102235 0.00511883 0.00217669 0.000434926 0.0116154 0.00931147 0.0091241 0.00386075 0.0240299 
0.0866394 0.462909 0.246957 -0.0789882 0.00543701 0.0181546 0.0144031 0.0376851 0.0517094 0.0216906 0.0110731 0.0054442 0.00338912 0.0260102 0.0179492 0.0175022 0.00797536 0.0440604 
0.16811 0.702322 0.0354432 -0.0506321 0.000828634 0.0107852 0.00831787 0.0193357 0.0229679 0.00976336 0.00479016 0.00156105 -0.00112216 0.0120648 0.0107603 0.0104148 0.00401228 0.030277 
0.00206124 -0.00761317 0.00265928 0.0313037 0.0215902 0.449827 0.446167 0.0344216 0.0085197 0.00224287 0.00130615 0.000844562 0.000895261 0.00110759 0.00084091 0.00118938 0.000536705 0.00210016 
0.358794 0.189458 0.0145683 -0.0333881 0.00131088 0.0104922 0.00892865 0.0221869 0.0336594 0.0181202 0.00862384 -0.000104355 -0.0135137 0.0392167 0.0412196 0.0416848 0.015711 0.243031 
0.235497 0.237475 0.03944 -0.0455728 0.00312633 0.0151405 0.0126976 0.0326572 0.0526403 0.0288119 0.0147037 0.00267836 -0.0160036 0.0686568 0.0604975 0.0526089 0.0238461 0.181099 
0.00160965 -0.0124318 -0.00313253 0.0843401 0.456423 0.419497 0.0175767 0.0166825 0.007921 0.00232203 0.00125277 0.000705326 0.000620767 0.00136794 0.00112786 0.00135052 0.000556768 0.00221051 
0.00262598 -0.0210399 -0.0066633 0.473131 0.362362 0.118879 0.0203991 0.0222374 0.0115374 0.00329205 0.00173951 0.000960129 0.000826086 0.00201625 0.00165163 0.00193754 0.000798986 0.00330842 
0.00418403 -0.0181082 0.00563984 0.0907703 0.0907679 0.520997 0.207294 0.0578381 0.018017 0.00460493 0.00259354 0.00161788 0.00165972 0.00238714 0.00184251 0.00246918 0.00109198 0.00433357 
0.00972671 -0.0460758 0.165941 0.578375 0.0493001 0.0715872 0.0413404 0.0598287 0.0323999 0.0076142 0.00397523 0.00238786 0.00246599 0.00432476 0.00318837 0.00401378 0.00179055 0.00781591 
0.00721757 -0.00276667 0.0202629 0.0212989 0.00657112 0.0126494 0.014627 0.441419 0.442375 0.00935546 0.00509743 0.00400879 0.00536502 0.00192107 0.000579546 0.00265757 0.00145112 0.00591008 
0.0108946 -0.000274144 0.0297567 0.0231469 0.00749379 0.014577 0.0154689 0.326359 0.511098 0.0179943 0.00872029 0.00687442 0.00941035 0.00277975 0.000444293 0.00400336 0.00221904 0.00903367 
0.0105106 -0.00865922 0.0334767 0.0438701 0.0126663 0.0249107 0.0323157 0.483154 0.318662 0.0118873 0.00658293 0.00502111 0.00659247 0.0031793 0.00138713 0.00391558 0.00206996 0.00845772 
0.026638 -0.0411347 0.52263 0.136436 0.0118505 0.0249971 0.0225634 0.0838613 0.106718 0.0250534 0.0119641 0.00823468 0.0116105 0.0112277 0.00533015 0.00877313 0.0043588 0.0188887 
0.0259722 -0.0607352 0.377543 0.235389 0.0195606 0.0390874 0.0356443 0.119029 0.112 0.0221757 0.0109128 0.00737351 0.00965631 0.0099936 0.00549329 0.00853293 0.00418085 0.0181911 
0.0387813 0.0157457 0.223382 0.0514294 0.0148853 0.0315477 0.0296109 0.141541 0.250153 0.0567362 0.0252415 0.018452 0.0280997 0.0172968 0.00543869 0.0141117 0.00727096 0.0302763 
0.0146424 -0.0567684 0.432741 0.392021 0.0150393 0.0289478 0.0232324 0.0570988 0.0449591 0.0101209 0.00510226 0.0032332 0.00382151 0.00548432 0.0035176 0.00469861 0.00221089 0.00989739 
0.0141346 -0.0571793 0.273605 0.475761 0.0306171 0.0531149 0.0388962 0.0748564 0.046703 0.0102533 0.0052783 0.00328247 0.00365587 0.00558089 0.00384521 0.00503536 0.00231847 0.010242 
0.00571773 0.00171677 0.0125967 0.00836426 0.00324489 0.00629005 0.00626617 0.254786 0.663911 0.01201 0.00552174 0.00448072 0.00608925 0.00101959 -0.000263799 0.00210121 0.00121513 0.00493286 
0.014655 0.00950908 0.0297444 0.0126025 0.00614341 0.0124152 0.0118412 0.134864 0.634361 0.0584376 0.0183759 0.0144294 0.0199814 0.00243541 -0.00175051 0.00559635 0.00324467 0.0131132 
0.0108186 0.00983136 0.016273 0.00465305 0.00358886 0.00746329 0.00680109 0.0342121 0.660585 0.173218 0.0220135 0.0166572 0.0213439 -0.000803259 -0.00390343 0.00416174 0.00258173 0.0105044 
0.00520192 0.00517212 0.00673683 0.00153388 0.00157991 0.00333705 0.00298109 0.00842919 0.581403 0.343353 0.0140515 0.0102264 0.0120054 -0.0016342 -0.00286335 0.00192066 0.00127648 0.00528958 
0.0107922 0.0122421 0.0123629 0.00100846 0.00266806 0.00593714 0.00527472 0.0145111 0.321192 0.484124 0.0572776 0.0329666 0.0352662 -0.00583077 -0.00867208 0.00431909 0.00283077 0.0117305 
0.0341392 0.519151 0.376266 -0.0541141 0.00311573 0.00996977 0.00768542 0.0194728 0.0241219 0.0092111 0.00465453 0.0023791 0.00179753 0.00937455 0.00659636 0.00673182 0.00303329 0.0164137 
0.0494006 0.352799 0.41803 -0.0722729 0.00597408 0.0163437 0.0132791 0.037509 0.0535341 0.0208707 0.010601 0.00612015 0.00687514 0.0203364 0.0119564 0.0128499 0.00605884 0.0297347 
0.108685 0.302768 0.179349 -0.0685148 0.00727144 0.0222084 0.0183734 0.0517711 0.0849814 0.0401655 0.0210936 0.0112071 0.00976458 0.057963 0.0331819 0.0312825 0.0147906 0.0736586 
0.286062 0.491666 0.0281126 -0.0536126 0.00130676 0.0131751 0.0106034 0.0255183 0.0333614 0.0154245 0.00753874 0.00188131 -0.00402783 0.0228358 0.0210982 0.0201723 0.00774415 0.0711393 
0.061707 0.84837 0.0530228 -0.0344182 0.000419436 0.00659521 0.00488787 0.0110012 0.0121444 0.00486135 0.00239303 0.000886253 -0.000168807 0.00534927 0.004671 0.00458971 0.00178215 0.0119061 
0.235935 0.370447 0.0567972 -0.0599613 0.00322963 0.0168334 0.0137493 0.0346831 0.0505543 0.0248998 0.012565 0.00356347 -0.00669419 0.0439149 0.0375063 0.0341115 0.014714 0.113152 
0.145997 0.179364 0.0517752 -0.0396976 0.00440765 0.0161901 0.0137323 0.0371045 0.0685809 0.0412574 0.0225784 0.00675027 -0.0216528 0.135822 0.0905658 0.0643547 0.0305752 0.152295 
0.00858658 -0.0419738 0.0481885 0.440272 0.14156 0.178824 0.0765064 0.0753703 0.0332736 0.00800356 0.00427645 0.00256633 0.00257947 0.0044461 0.0033924 0.00429953 0.00188882 0.00793905 
0.0210268 0.00228314 0.0668729 0.038913 0.0120698 0.0241088 0.0246429 0.246375 0.439772 0.0387618 0.0169234 0.0129862 0.0183543 0.00644429 0.00123331 0.00777248 0.00422189 0.0172383 
0.0180315 -0.0171054 0.0724313 0.0817433 0.0201326 0.0399206 0.0479208 0.373519 0.280788 0.0206208 0.010699 0.0079369 0.0105215 0.00595564 0.00273356 0.00659376 0.00342454 0.0141326 
0.0253402 -0.0183419 0.123987 0.0948023 0.0202495 0.0403178 0.0429336 0.269645 0.28231 0.0313305 0.0151342 0.0111112 0.0152396 0.00892454 0.00375031 0.00905704 0.00469346 0.0195163 
0.0176374 -0.0235604 0.0744646 0.104577 0.0256591 0.0516213 0.0661572 0.385655 0.220531 0.0183364 0.00977214 0.00711082 0.00918604 0.00604413 0.00315622 0.00653885 0.00333196 0.0137812 
0.00604163 -0.00537447 0.0172455 0.0263214 0.00820187 0.0160689 0.0225443 0.57708 0.30399 0.00642118 0.00377427 0.0029078 0.00376867 0.00177526 0.000804895 0.00228821 0.00121252 0.00492872 
0.0261797 -0.0504174 0.216086 0.207438 0.028629 0.0560774 0.0559693 0.200671 0.155697 0.0243033 0.0121955 0.00842165 0.0109087 0.00977591 0.00539784 0.00906351 0.00448191 0.0191216 
0.0143906 -0.0518237 0.594839 0.266474 0.0083238 0.017181 0.0146164 0.0437854 0.0440216 0.0104593 0.00515917 0.00336373 0.00429927 0.00553547 0.00318945 0.004454 0.00214561 0.00958585 
0.00632975 0.0035166 0.0120692 0.00633447 0.0029511 0.00581358 0.00554035 0.151574 0.754136 0.0206307 0.00753774 0.00612995 0.00824158 0.000661972 -0.000870183 0.00233949 0.00139591 0.00566802 
0.0043753 0.00370272 0.00640214 0.00226323 0.00157686 0.00320762 0.00290228 0.0129707 0.814203 0.121572 0.00790607 0.00635147 0.00794861 -0.000600815 -0.00162261 0.00158926 0.00102736 0.00422507 
0.0235583 0.0291325 0.0264194 -0.00109192 0.00468902 0.0109659 0.00977762 0.0310924 0.226776 0.302716 0.120447 0.0849113 0.11084 -0.0053957 -0.0197802 0.0117836 0.00668117 0.0264776 
0.0770111 0.282904 0.282266 -0.0696761 0.00812321 0.0222625 0.018532 0.0546852 0.0889852 0.0383238 0.0197573 0.0117755 0.0148814 0.0418645 0.0216914 0.023198 0.01109 0.0523253 
0.3165 0.588069 0.00469979 -0.0350495 -2.02835e-05 0.00797898 0.00639865 0.0149287 0.0181577 0.00808837 0.00387857 0.000898223 -0.00203313 0.0107353 0.0102788 0.00998478 0.00347202 0.0330338 
0.156135 0.412232 0.120835 -0.072657 0.00493233 0.0195252 0.0157533 0.0407853 0.059372 0.0276952 0.0142189 0.00579336 -0.000738968 0.0424656 0.0316779 0.0288961 0.013016 0.080063 
0.187619 0.182606 0.0378228 -0.0386381 0.00339729 0.0145303 0.0123206 0.0322746 0.056292 0.0331408 0.0173879 0.00275496 -0.0249482 0.101571 0.0851794 0.0674849 0.0321082 0.197097 
0.117454 0.206194 0.0955527 -0.047531 0.00638859 0.0200621 0.0169553 0.0482135 0.0908815 0.0509106 0.0280158 0.0141718 0.00804425 0.115431 0.0573155 0.0469142 0.0222678 0.102759 
0.00658978 -0.0359978 0.0937909 0.65283 0.0709779 0.080987 0.0357306 0.043908 0.0227401 0.00570105 0.00299368 0.00174911 0.00170451 0.00333691 0.00256101 0.0031394 0.00136604 0.0058918 
0.0304247 -0.000629335 0.136879 0.0632489 0.01612 0.0328441 0.0326281 0.204252 0.322109 0.047235 0.0209915 0.0156009 0.0225672 0.0113588 0.00350547 0.0110579 0.0058078 0.0239998 
0.0176595 -0.00337779 0.0583609 0.0439094 0.0125442 0.0247314 0.0265338 0.308162 0.416839 0.0271768 0.0128872 0.00988768 0.0136585 0.00532212 0.00147795 0.00646336 0.00348809 0.0142764 
0.0124101 -0.0142032 0.0425616 0.0649877 0.0183899 0.0370391 0.052092 0.483345 0.247519 0.0130893 0.00728105 0.00543116 0.00700954 0.00401089 0.00201004 0.00468051 0.00242287 0.00992313 
0.0282563 -0.0354814 0.195234 0.146687 0.0237068 0.0471809 0.0480214 0.218647 0.207221 0.0299857 0.0146487 0.0104075 0.0140523 0.0105099 0.00511159 0.00983887 0.0049728 0.0210006 
0.0161441 0.0194161 0.0174653 -6.79624e-05 0.00348943 0.00803304 0.00713557 0.0204662 0.227608 0.424754 0.116288 0.0652815 0.0691512 -0.00973554 -0.0153658 0.00721858 0.00446706 0.0182515 
0.0191199 0.0218171 0.0241549 0.00176643 0.00460088 0.0102785 0.00922501 0.0317871 0.347642 0.327167 0.0733935 0.0490643 0.0616712 -0.00360699 -0.0117725 0.00843895 0.00503217 0.0202202 
0.0288268 0.034743 0.0391696 0.000749176 0.00628619 0.0143384 0.0129118 0.0484415 0.301601 0.233325 0.0815816 0.0614027 0.0933187 0.00533047 -0.0135251 0.0138261 0.0076399 0.0300333 
0.0341211 0.0367949 0.070101 0.00913075 0.00932932 0.0204109 0.0188033 0.0925734 0.368304 0.13361 0.0477477 0.036569 0.0584511 0.0136272 -0.0035115 0.0145929 0.00789685 0.0314476 
0.0224875 0.0239175 0.0342355 0.00499315 0.00609613 0.0132731 0.0120886 0.0536803 0.436351 0.216808 0.0526145 0.0384724 0.0536522 0.00185751 -0.00804197 0.0096616 0.00558047 0.0222733 
0.0348379 0.0419609 0.0573939 0.00245106 0.00797082 0.0180004 0.016331 0.0683587 0.317928 0.172506 0.0642531 0.0498067 0.0827249 0.0146356 -0.008151 0.0161364 0.00868549 0.03417 
0.0501489 0.0719072 0.110443 -0.00405911 0.0100592 0.0233881 0.0210124 0.0828487 0.239062 0.111321 0.0508734 0.0394447 0.0748557 0.0372432 0.00197144 0.0224002 0.0114402 0.0456391 
0.0257381 0.0255447 0.0466266 0.00894075 0.00763937 0.0163956 0.0151393 0.0809619 0.454589 0.151467 0.0436536 0.0329859 0.0484848 0.00587691 -0.00517351 0.0107928 0.00607806 0.0242594 
0.0264872 0.0207545 0.0618682 0.0180242 0.00954882 0.0199619 0.0189101 0.128828 0.465605 0.0922883 0.0315714 0.0241807 0.0358333 0.00796525 -0.00155503 0.0105099 0.00581436 0.0234035 
0.0769517 0.119475 0.0674799 -0.027443 0.00597245 0.0170987 0.0147662 0.0441674 0.101947 0.0671587 0.0395764 0.0256952 0.0567604 0.199972 0.0431309 0.0445155 0.0207589 0.0820166 
0.0841672 0.110124 0.0428482 -0.0256065 0.00424282 0.013602 0.0117044 0.0328712 0.0710424 0.0489458 0.0291216 0.0124057 -0.0237801 0.290084 0.107272 0.0589941 0.0268092 0.105152 
0.163083 0.278141 0.0858136 -0.0574723 0.00523394 0.0193391 0.0160628 0.0430774 0.0714304 0.0375497 0.0198648 0.00768299 -0.00498481 0.0778238 0.0537554 0.0448017 0.0209424 0.117855 
0.0213621 0.0114139 0.0539796 0.0229129 0.00944265 0.0191955 0.0186879 0.173867 0.509562 0.0594952 0.0220745 0.0170759 0.0245073 0.00583558 -0.000479257 0.0081566 0.00453856 0.0183719 
0.0203903 0.0163421 0.0405074 0.0127802 0.00736983 0.0152837 0.0143772 0.107558 0.552254 0.0988914 0.0286287 0.0220029 0.0312457 0.00401894 -0.00288161 0.00806804 0.00461194 0.0185519 
0.0647647 0.108222 0.101824 -0.0215575 0.00838198 0.0213152 0.0186798 0.0625202 0.159344 0.0926669 0.0497442 0.0379957 0.0887857 0.0863483 0.0116249 0.0319273 0.0155609 0.061852 
0.0777897 0.137477 0.103547 -0.0314181 0.00773483 0.0208707 0.0180497 0.0566365 0.128548 0.0749898 0.0416412 0.0289424 0.0626448 0.115511 0.0277809 0.0376805 0.0180541 0.07352 
0.0478808 0.0686773 0.0453264 -0.0137032 0.00521701 0.01388 0.0121786 0.0378451 0.112664 0.0923478 0.0588434 0.0517964 0.211948 0.166843 -0.0149628 0.0323537 0.0150195 0.0558444 
0.0274905 0.0372976 0.0206305 -0.00762503 0.00278627 0.00765154 0.00671665 0.0196636 0.0613856 0.0621297 0.0470383 0.0487109 0.405612 0.236473 -0.046885 0.0236332 0.0103015 0.0369895 
0.0518834 0.0741849 0.0409608 -0.0164163 0.0043898 0.0123874 0.0107852 0.032191 0.0836211 0.0642091 0.0408242 0.0300241 0.132658 0.310551 0.0114377 0.0371819 0.0167996 0.0623266 
0.00988757 0.0134433 0.00726064 -0.00229097 0.0014159 0.00374486 0.00329563 0.00826627 0.0332813 0.0837954 0.22494 0.457681 0.197653 -0.0360112 -0.0303622 0.00612757 0.00337885 0.0144929 
0.484216 0.240982 0.00613753 -0.0318011 0.000372392 0.00887007 0.00754496 0.0182902 0.0253853 0.0127756 0.00591705 8.3581e-05 -0.00759511 0.0222212 0.0235287 0.0240559 0.00738595 0.151629 
0.636122 0.110539 0.000619051 -0.0164474 -9.99962e-05 0.00466795 0.00411057 0.00991834 0.0137008 0.006972 0.00303764 -0.000473578 -0.00511246 0.0118017 0.0133676 0.0145128 0.00273262 0.190032 
0.772035 0.111213 -0.00109992 -0.0116077 -0.00032599 0.00308838 0.00276663 0.00661859 0.00871923 0.0042921 0.00184119 -0.000256286 -0.00282698 0.00648855 0.00730524 0.00766328 0.00114628 0.0829397 
0.605742 0.257478 -0.000410916 -0.0220863 -0.000305723 0.00573544 0.00494845 0.0118019 0.0154432 0.00748819 0.00338045 3.4209e-06 -0.00407643 0.0114383 0.0122858 0.0125348 0.0031252 0.0754746 
0.11252 0.0917747 0.0192954 -0.0216385 0.00233729 0.00979386 0.00848397 0.0220464 0.0424254 0.0286836 0.0149454 -0.00321125 -0.0540732 0.154406 0.157068 0.115541 0.0565517 0.24305 
0.00805754 0.0103347 0.00714843 -0.000836214 0.00156839 0.00378436 0.00332333 0.00769344 0.0540256 0.474741 0.329988 0.0698721 0.0420832 -0.0137753 -0.013481 0.00309299 0.00227801 0.0101014 
0.00901457 -0.0277051 0.0261425 0.138138 0.066875 0.216148 0.284346 0.199804 0.0456406 0.00864905 0.00489948 0.0032428 0.00362621 0.0040431 0.0028799 0.00425352 0.00197982 0.0080226 
0.00826873 -0.0218298 0.0221594 0.0988591 0.0446903 0.148694 0.329507 0.284467 0.0471868 0.00791073 0.00458541 0.00312745 0.00358927 0.00349406 0.00241424 0.00380063 0.00180498 0.00727054 
0.0134962 -0.0395508 0.0594291 0.212078 0.0694637 0.155515 0.172599 0.22695 0.0722838 0.0122446 0.00672756 0.00445942 0.00510861 0.00564779 0.0038782 0.00575452 0.00270693 0.0112083 
0.00772472 -0.0285061 0.0199743 0.156093 0.0956083 0.313656 0.238681 0.124595 0.0349178 0.00767135 0.00429459 0.00274686 0.00294591 0.00381925 0.0028329 0.00393637 0.00178523 0.00722316 
0.0153926 -0.0336762 0.0659925 0.156864 0.0443704 0.0963613 0.135337 0.338139 0.116082 0.0142961 0.00786846 0.00545792 0.00660765 0.0058289 0.0036622 0.00611087 0.00298045 0.0123255 
0.019982 -0.0394426 0.108184 0.176999 0.0378142 0.0758289 0.0896264 0.297297 0.151375 0.0187427 0.00991782 0.00691298 0.00863853 0.00735173 0.00433205 0.00742963 0.00366496 0.0153463 
0.0111151 -0.0408036 0.0473942 0.26135 0.103463 0.215 0.158367 0.144844 0.0498385 0.0102611 0.00560463 0.00356628 0.00387002 0.0051513 0.00374595 0.00515375 0.00234971 0.00972846 
0.0183563 -0.0513421 0.122719 0.272035 0.0540011 0.10392 0.103054 0.208469 0.0958805 0.0158128 0.00838953 0.00557137 0.00658082 0.00722549 0.00472911 0.00705014 0.00335464 0.0141937 
0.0216487 -0.0538462 0.164993 0.257066 0.0410414 0.0787778 0.0788953 0.208721 0.118469 0.0187614 0.00975022 0.00657182 0.00804675 0.00821511 0.00507255 0.00785319 0.00379598 0.0161667 
0.0167521 -0.0585798 0.165792 0.387416 0.0542247 0.094567 0.0752428 0.132506 0.0683508 0.0134529 0.00704882 0.00449926 0.00509987 0.00679741 0.00465639 0.00639916 0.00297313 0.0128011 
0.136886 0.133312 0.032342 -0.0301741 0.00332036 0.0130136 0.0111516 0.0295819 0.056078 0.0360529 0.0195756 0.00208675 -0.0418106 0.158557 0.124525 0.0837124 0.0401265 0.191663 
0.00649111 -0.0340157 0.0156554 0.30459 0.214403 0.285147 0.0833772 0.0642669 0.0267021 0.00677088 0.00365934 0.00217876 0.00213528 0.00377044 0.0029434 0.00370933 0.00160746 0.00660815 
0.0186983 0.0240381 0.0173709 -0.00241347 0.00327927 0.008 0.00707463 0.0195161 0.122183 0.294244 0.209945 0.144553 0.141337 -0.0193266 -0.027289 0.00992194 0.00571737 0.0231506 
0.0247096 0.0324421 0.0226468 -0.00429494 0.00383255 0.00957694 0.00847521 0.0247516 0.121734 0.198761 0.154524 0.154616 0.237892 -0.00843267 -0.0354946 0.0153612 0.00796639 0.0309331 
0.031851 0.0411426 0.0368941 -0.00337693 0.00567299 0.0135579 0.0120924 0.0404533 0.207941 0.214717 0.106278 0.0886468 0.153316 0.0105827 -0.0218362 0.0173958 0.00917901 0.0354916 
0.0246479 -0.0068356 0.101008 0.0653131 0.0163611 0.0326993 0.0341091 0.259826 0.345752 0.0360555 0.016695 0.0125067 0.0175294 0.00840605 0.00280505 0.0089335 0.00472082 0.0194674 
0.0392558 0.0371313 0.12384 0.0204482 0.0122134 0.0263815 0.0245687 0.124245 0.31993 0.0879713 0.0359372 0.0271347 0.0434881 0.0182772 0.00216068 0.0155592 0.00819508 0.0332625 
0.0358993 0.0212858 0.138291 0.0368803 0.0137277 0.0288953 0.0274852 0.152619 0.325272 0.0684772 0.0286773 0.0214648 0.0328366 0.0150338 0.00310289 0.0135825 0.00715458 0.0293158 
0.0421928 0.0503374 0.103287 0.00757971 0.010686 0.0237966 0.0217759 0.0985775 0.300976 0.111873 0.0459026 0.0351849 0.0599662 0.022801 0.000198586 0.0178873 0.00938286 0.0375938 
0.0500968 0.0760559 0.240064 0.00118143 0.012073 0.0274044 0.024594 0.0973368 0.200743 0.0690762 0.0319976 0.0233148 0.0391957 0.0296213 0.00831739 0.0190911 0.00965392 0.0401822 
0.0435217 0.0424404 0.195351 0.0239236 0.0132474 0.0288968 0.0266168 0.120619 0.253816 0.071678 0.0314927 0.0232792 0.0374508 0.0219724 0.00542564 0.0165516 0.00852958 0.0351865 
0.0664114 0.139078 0.194467 -0.0305361 0.0101145 0.024999 0.0217878 0.0744113 0.156415 0.0707989 0.0357376 0.0253569 0.0464947 0.0539951 0.0160103 0.0265444 0.0130747 0.0548385 
0.0566839 0.0950682 0.166032 -0.0117059 0.0108421 0.0255405 0.0227117 0.0853114 0.200851 0.0857747 0.0409609 0.0305095 0.056545 0.0423732 0.00877397 0.0235323 0.0118261 0.0483693 
0.0508984 0.0744714 0.0769603 -0.0101563 0.00809067 0.0196933 0.0175014 0.0621714 0.197817 0.125088 0.0638315 0.0523784 0.118595 0.056302 -0.00387056 0.0262242 0.0130999 0.0509035 
0.0471512 0.119903 0.400647 -0.0267277 0.00999096 0.0233935 0.0204455 0.0721123 0.127946 0.0455551 0.0220901 0.0153035 0.0244974 0.0271457 0.010429 0.0165657 0.00820474 0.035347 
0.0403329 0.0342622 0.367848 0.0314094 0.0124245 0.0272803 0.024686 0.0995358 0.171322 0.0483137 0.0223739 0.0159619 0.0248068 0.020044 0.0072281 0.0143282 0.0072331 0.0306093 
0.0436911 0.0610946 0.0495389 -0.0094526 0.00618833 0.0155063 0.0137307 0.0452536 0.161179 0.135771 0.0791616 0.0718576 0.192424 0.065295 -0.018911 0.0262358 0.0128412 0.048594 
0.00431199 -0.0095931 0.00915568 0.0385293 0.017001 0.0513435 0.399131 0.445165 0.0247561 0.00411394 0.0025234 0.00178889 0.00209054 0.00171736 0.00115633 0.00199488 0.000968743 0.00384577 
0.00753217 -0.0165074 0.0194798 0.0704619 0.0289982 0.0819744 0.273588 0.445218 0.0549983 0.00714498 0.00424679 0.00299554 0.00353688 0.00293894 0.00193784 0.00332795 0.00161999 0.0065086 
