1 0 0 0 0 0 0 0 0 0 0 0 0 0 0 0 0 0 
0.8 0.2 0 0 0 0 0 0 0 0 0 0 0 0 0 0 0 0 
0.6 0.4 0 0 0 0 0 0 0 0 0 0 0 0 0 0 0 0 
0.4 0.6 0 0 0 0 0 0 0 0 0 0 0 0 0 0 0 0 
0.2 0.8 0 0 0 0 0 0 0 0 0 0 0 0 0 0 0 0 
0 1 0 0 0 0 0 0 0 0 0 0 0 0 0 0 0 0 
0 0.8 0.2 0 0 0 0 0 0 0 0 0 0 0 0 0 0 0 
0 0.6 0.4 0 0 0 0 0 0 0 0 0 0 0 0 0 0 0 
0 0.4 0.6 0 0 0 0 0 0 0 0 0 0 0 0 0 0 0 
0 0.2 0.8 0 0 0 0 0 0 0 0 0 0 0 0 0 0 0 
0 0 1 0 0 0 0 0 0 0 0 0 0 0 0 0 0 0 
0 0 0.833333 0.166667 0 0 0 0 0 0 0 0 0 0 0 0 0 0 
0 0 0.666667 0.333333 0 0 0 0 0 0 0 0 0 0 0 0 0 0 
0 0 0.5 0.5 0 0 0 0 0 0 0 0 0 0 0 0 0 0 
0 0 0.333333 0.666667 0 0 0 0 0 0 0 0 0 0 0 0 0 0 
0 0 0.166667 0.833333 0 0 0 0 0 0 0 0 0 0 0 0 0 0 
0 0 0 1 0 0 0 0 0 0 0 0 0 0 0 0 0 0 
0 0 0 0.5 0.5 0 0 0 0 0 0 0 0 0 0 0 0 0 
0 0 0 0 1 0 0 0 0 0 0 0 0 0 0 0 0 0 
0 0 0 0 0.666667 0.333333 0 0 0 0 0 0 0 0 0 0 0 0 
0 0 0 0 0.333333 0.666667 0 0 0 0 0 0 0 0 0 0 0 0 
0 0 0 0 0 1 0 0 0 0 0 0 0 0 0 0 0 0 
0 0 0 0 0 0.666667 0.333333 0 0 0 0 0 0 0 0 0 0 0 
0 0 0 0 0 0.333333 0.666667 0 0 0 0 0 0 0 0 0 0 0 
0 0 0 0 0 0 1 0 0 0 0 0 0 0 0 0 0 0 
0 0 0 0 0 0 0.666667 0.333333 0 0 0 0 0 0 0 0 0 0 
0 0 0 0 0 0 0.333333 0.666667 0 0 0 0 0 0 0 0 0 0 
0 0 0 0 0 0 0 1 0 0 0 0 0 0 0 0 0 0 
0 0 0 0 0 0 0 0.888889 0.111111 0 0 0 0 0 0 0 0 0 
0 0 0 0 0 0 0 0.777778 0.222222 0 0 0 0 0 0 0 0 0 
0 0 0 0 0 0 0 0.666667 0.333333 0 0 0 0 0 0 0 0 0 
0 0 0 0 0 0 0 0.555556 0.444444 0 0 0 0 0 0 0 0 0 
0 0 0 0 0 0 0 0.444444 0.555556 0 0 0 0 0 0 0 0 0 
0 0 0 0 0 0 0 0.333333 0.666667 0 0 0 0 0 0 0 0 0 
0 0 0 0 0 0 0 0.222222 0.777778 0 0 0 0 0 0 0 0 0 
0 0 0 0 0 0 0 0.111111 0.888889 0 0 0 0 0 0 0 0 0 
0 0 0 0 0 0 0 0 1 0 0 0 0 0 0 0 0 0 
0 0 0 0 0 0 0 0 0.75 0.25 0 0 0 0 0 0 0 0 
0 0 0 0 0 0 0 0 0.5 0.5 0 0 0 0 0 0 0 0 
0 0 0 0 0 0 0 0 0.25 0.75 0 0 0 0 0 0 0 0 
0 0 0 0 0 0 0 0 0 1 0 0 0 0 0 0 0 0 
0 0 0 0 0 0 0 0 0 0.5 0.5 0 0 0 0 0 0 0 
0 0 0 0 0 0 0 0 0 0 1 0 0 0 0 0 0 0 
0 0 0 0 0 0 0 0 0 0 0.5 0.5 0 0 0 0 0 0 
0 0 0 0 0 0 0 0 0 0 0 1 0 0 0 0 0 0 
0 0 0 0 0 0 0 0 0 0 0 0.5 0.5 0 0 0 0 0 
0 0 0 0 0 0 0 0 0 0 0 0 1 0 0 0 0 0 
0 0 0 0 0 0 0 0 0 0 0 0 0.5 0.5 0 0 0 0 
0 0 0 0 0 0 0 0 0 0 0 0 0 1 0 0 0 0 
0 0 0 0 0 0 0 0 0 0 0 0 0 0.75 0.25 0 0 0 
0 0 0 0 0 0 0 0 0 0 0 0 0 0.5 0.5 0 0 0 
0 0 0 0 0 0 0 0 0 0 0 0 0 0.25 0.75 0 0 0 
0 0 0 0 0 0 0 0 0 0 0 0 0 0 1 0 0 0 
0 0 0 0 0 0 0 0 0 0 0 0 0 0 0.5 0.5 0 0 
0 0 0 0 0 0 0 0 0 0 0 0 0 0 0 1 0 0 
0 0 0 0 0 0 0 0 0 0 0 0 0 0 0 0.666667 0.333333 0 
0 0 0 0 0 0 0 0 0 0 0 0 0 0 0 0.333333 0.666667 0 
0 0 0 0 0 0 0 0 0 0 0 0 0 0 0 0 1 0 
0 0 0 0 0 0 0 0 0 0 0 0 0 0 0 0 0.666667 0.333333 
0 0 0 0 0 0 0 0 0 0 0 0 0 0 0 0 0.333333 0.666667 
0 0 0 0 0 0 0 0 0 0 0 0 0 0 0 0 0 1 
0.2 0 0 0 0 0 0 0 0 0 0 0 0 0 0 0 0 0.8 
0.4 0 0 0 0 0 0 0 0 0 0 0 0 0 0 0 0 0.6 
0.6 0 0 0 0 0 0 0 0 0 0 0 0 0 0 0 0 0.4 
0.8 0 0 0 0 0 0 0 0 0 0 0 0 0 0 0 0 0.2 
0.00202823 0.0120958 0.0102073 0 0.000294143 0.00337714 0.0037935 0.00924156 0.047306 0.224707 0.395007 0.189167 0.0840573 0.0187176 0 0 0 0 
0.00396649 0.0210738 0.0186813 0 2.34459e-06 0.0031235 0.00538896 0.0147382 0.0621999 0.114745 0.137269 0.217593 0.323873 0.0773454 0 0 0 0 
0 0 0.0676069 0.113599 0.0435182 0.115898 0.224906 0.338464 0.0698699 0.00969874 0.00555083 0.00383163 0.00447978 0.00257639 0 0 0 0 
0 0 0.0283141 0.0416183 0.016433 0.0397574 0.169198 0.630635 0.0573973 0.0051386 0.00316347 0.00230087 0.0027688 0.00198585 0.000967826 0.000321199 0 0 
0.328177 0.275423 0.0718344 0 0 0 0 0.00551168 0.0295396 0.0156026 0.0008252 0 0 0.0444657 0.0331498 0.0267189 0.00699364 0.161758 
0.00765055 0.0190279 0.00985644 0 0 0 0 0.00265884 0.000448572 0 0 0 0 0.0540808 0.03607 0.330957 0.225775 0.313474 
0 0 0.0288387 0.0619651 0.0310288 0.142235 0.473703 0.222014 0.0267179 0.00526453 0.00311751 0.00212659 0.00225614 0.000732432 0 0 0 0 
0.434948 0.122007 0.0302982 0 0 0 0 0.00382233 0.0181386 0.00527117 0 0 0 0.0325846 0.0258794 0.0154334 0.00262625 0.308991 
0.427119 0.384638 0.038 0 0 0 0 0.00201701 0.0154342 0.00918091 0.000821428 0 0 0.019477 0.0152243 0.0100761 0.00195165 0.0760608 
0.167201 0.122521 0.0611402 0 0 0 0 0.0121137 0.039454 0.00903911 0 0 0 0.133994 0.0917622 0.0776782 0.038063 0.247033 
0.155597 0.062613 0.0276226 0 0 0 0 0.00655071 0.0183094 0.0010618 0 0 0 0.0735754 0.0630876 0.0769448 0.0346319 0.480005 
0.056136 0.0497226 0.0276295 0 0 0 0 0.00838858 0.00101316 0 0 0 0 0.239368 0.179746 0.159744 0.0710172 0.207235 
0 0 0.0401608 0.184252 0.148902 0.365449 0.143848 0.0789678 0.0274537 0.00667452 0.00357667 0.00071535 0 0 0 0 0 0 
0 0 0.198923 0.129584 0.0258504 0.0512529 0.0579306 0.27442 0.193096 0.0217411 0.0111225 0.0079506 0.0103871 0.00760899 0.00387077 0.0060192 0.000244026 0 
0.0275268 0.0101297 0.104052 0.0344874 0.0116296 0.0252899 0.0246307 0.173394 0.398265 0.0625343 0.0251178 0.0190813 0.028211 0.0209538 0.000212051 0.00503685 0.00580593 0.0236418 
0.0782066 0.167535 0.253265 0 0 0 1.47428e-07 0.0455297 0.106686 0.054841 0.0294006 0.0188143 0.0309885 0.075093 0.0281194 0.0312409 0.015041 0.0652387 
0.0176387 0.0157787 0.0302262 0.00891038 0.00537263 0.0122203 0.0113476 0.070653 0.570985 0.136876 0.0308525 0.0233792 0.0320891 0.0201465 0 0 0.00016848 0.0133552 
0.0130115 0.0173222 0.0104404 0 0 0 8.34099e-05 0.00290588 0.000683998 0 0 0 0 0.215232 0.455519 0.227829 0.0108437 0.046129 
0.0282319 0.031538 0.0199649 0 0 0 6.50705e-05 0.00701208 0.00377034 0 0 0 0 0.385346 0.319129 0.0981496 0.028725 0.0780678 
0.0753714 0.0791373 0.0525871 0 0 0 0 0.0162862 0.0394208 0.00460361 0 0 0 0.342862 0.154443 0.0752182 0.0336108 0.12646 
0.000565091 0.00475979 0.00409642 0 0.00016113 0.00153304 0.0016582 0.0036944 0.0167366 0.234068 0.635135 0.0696967 0.0225705 0.00532551 0 0 0 0 
0.00671943 0.0137961 0.0109965 0.00022538 0.00185678 0.00536041 0.00483853 0.0120991 0.134786 0.516263 0.159507 0.0619988 0.0521042 0.0194483 0 0 0 5.52989e-07 
0.00220383 0.0180064 0.0172529 0 0 0.00092554 0.00381334 0.0115157 0.0397459 0.0519431 0.0501354 0.0831075 0.515776 0.205574 0 0 0 0 
0.0375721 0.0496017 0.0552415 0 0.00406488 0.0154423 0.0146572 0.0536064 0.226476 0.163714 0.0755233 0.0621507 0.119431 0.0925989 0 0 0.00020248 0.0297171 
0.0258304 0.0400452 0.0383573 0 0.000168641 0.00698596 0.00966388 0.0300625 0.126256 0.1453 0.097121 0.0982159 0.229834 0.147683 0 0 0 0.004477 
0 0 0.0119388 0.0165787 0.0064799 0.0136086 0.0593458 0.832102 0.0517119 0.00233756 0.00150511 0.00112313 0.00136474 0.000912163 0.000494251 0.000497409 0 0 
0 0 0.0345741 0.0409841 0.0143398 0.0308388 0.0690062 0.651597 0.137265 0.00614348 0.00372924 0.002772 0.00343791 0.00233918 0.00110995 0.00183171 3.15068e-05 0 
0.15248 0.489898 0.174206 0 0 0 0 0.00333097 0.026949 0.0170752 0.00818577 0.00105799 0 0.0259743 0.0194346 0.0173549 0.00567909 0.0583744 
0 0 0.0265301 0.0810207 0.055569 0.362012 0.351997 0.090989 0.0214744 0.0050487 0.00289477 0.00185668 0.000608289 0 0 0 0 0 
0 0 0.0125127 0.0298952 0.016026 0.162565 0.677093 0.0847542 0.0106759 0.0026182 0.0015706 0.00106118 0.00101707 0.000210937 0 0 0 0 
0.275125 0.119525 0.043606 0 0 0 0 0.00689572 0.026683 0.00633702 0 0 0 0.0636637 0.0493073 0.0446673 0.0129991 0.351191 
0.294932 0.0520558 0.0180817 0 0 0 0 0.00339142 0.0121357 0.00152738 0 0 0 0.0309477 0.025054 0.0181831 0.00292334 0.540767 
0.0722194 0.0455227 0.0223668 0 0 0 0 0.00675203 0.00174607 0 0 0 0 0.128044 0.0900625 0.130419 0.082676 0.420191 
0 0 0.01828 0.249861 0.335384 0.293576 0.0434254 0.0369773 0.0169218 0.00458144 0.000993144 0 0 0 0 0 0 0 
0 0 0.0139437 0.0844922 0.169285 0.602612 0.0772806 0.034017 0.012973 0.00356128 0.00171951 0.000115262 0 0 0 0 0 0 
0 0 0.153834 0.34464 0.0750941 0.12919 0.0949967 0.127431 0.0553854 0.0112073 0.00597385 0.0022464 0 0 0 0 0 0 
0.00201538 0 0.0889585 0.0501847 0.0136168 0.026739 0.0304607 0.355213 0.358556 0.0203405 0.0102807 0.00783237 0.0106013 0.00750886 0.000828996 0.00462571 0.00300655 0.00923048 
0.000245442 0 0.374573 0.109512 0.0158183 0.0338965 0.0328704 0.148647 0.17695 0.0309961 0.0146565 0.0104304 0.0146182 0.0114798 0.00449742 0.00952105 0.00484188 0.00644499 
0 0 0.356652 0.272642 0.0272923 0.051763 0.0466282 0.124796 0.0868994 0.0160983 0.00818413 0.00541197 0.00354927 8.29127e-05 0 0 0 0 
0.0126195 0.00264023 0.0425552 0.0193581 0.00729553 0.0144498 0.0144164 0.223129 0.567338 0.0325353 0.0133528 0.010528 0.0146526 0.00998232 0 0.000458061 0.00285508 0.0118331 
0.0449049 0.163947 0.518863 0 0 0 0 0.0298329 0.0776022 0.0314116 0.0158177 0.0102988 0.0154461 0.0260621 0.011699 0.0147804 0.0071835 0.0321509 
0.00829739 0.00638205 0.0136691 0.00550128 0.00307827 0.00645623 0.00596756 0.059111 0.774701 0.0659461 0.0129765 0.0103303 0.0135286 0.00814632 0 0 2.9649e-05 0.00587871 
0.0124376 0.0130703 0.0172463 0.00375224 0.00320746 0.00774322 0.00703163 0.0259123 0.501609 0.292956 0.0361918 0.0253442 0.031313 0.0171276 0 0 0 0.00505663 
0.0291579 0.0345822 0.0256673 0 0 0 0.000196863 0.0105297 0.0134384 0 0 0 0 0.631572 0.155355 0.0360708 0.0145202 0.0489096 
0.00291992 0.00599405 0.00493461 0.000335616 0.000934171 0.0025802 0.00230583 0.00497998 0.12219 0.743038 0.0638061 0.0211738 0.0178932 0.00691425 0 0 0 0 
0 0 0.0565998 0.0773459 0.0276205 0.0658994 0.153399 0.494891 0.0967099 0.00890442 0.00521432 0.00373708 0.0045313 0.00343236 0.00141187 0.000303172 0 0 
0 0 0.09731 0.0943868 0.0262556 0.0546179 0.0808628 0.425714 0.176168 0.0138018 0.00764602 0.00554388 0.00699849 0.00491802 0.00261845 0.00315565 2.37076e-06 0 
0 0 0.0659679 0.0751964 0.0240815 0.0524729 0.0967627 0.507004 0.145109 0.0102601 0.00591993 0.0043083 0.00534961 0.00369907 0.00209417 0.00177379 0 0 
0 0 0.0418237 0.0394567 0.0124126 0.0250672 0.039736 0.581931 0.231504 0.00767908 0.00451511 0.00341337 0.00435702 0.00299163 0.000886047 0.0027913 0.00132511 0.000110298 
0.0645995 0.616651 0.234628 0 0 0 0 0.00080333 0.0127371 0.00943944 0.00472625 0.00200056 0.000340388 0.0108253 0.00859733 0.00799995 0.00262448 0.0240271 
0.0750671 0.401078 0.353024 0 0 0 0 0.00431994 0.0320127 0.0187934 0.00959408 0.00471703 0.00293644 0.0225361 0.0155517 0.0151526 0.00666857 0.0385483 
0.158934 0.663989 0.0836442 0 0 0 0 0.000955767 0.0126879 0.00923047 0.00403786 0.000209866 0 0.0128995 0.010173 0.00841575 0.00218535 0.0326369 
0 0 0.0099247 0.0311022 0.0214512 0.446932 0.443296 0.0342001 0.00846488 0.00222843 0.00129775 0.000831752 0.000270865 0 0 0 0 0 
0.339356 0.179194 0.0531455 0 0 0 0 0.00606821 0.0279782 0.0105638 0 0 0 0.0513113 0.0389864 0.0314633 0.00791086 0.254022 
0.218438 0.220273 0.0995904 0 0 0 0 0.0109175 0.0446329 0.0233842 0.00150905 0 0 0.0836865 0.0561151 0.0481951 0.0193281 0.17393 
0 0 0.0051561 0.0834806 0.451772 0.415222 0.0173976 0.0165125 0.00784028 0.0022228 0.000396429 0 0 0 0 0 0 0 
0 0 0.00699018 0.464401 0.355676 0.116686 0.0200227 0.0218271 0.0113245 0.00286259 0.000210256 0 0 0 0 0 0 0 
0 0 0.0216608 0.0893529 0.0893505 0.512861 0.204057 0.0569349 0.0177357 0.00453302 0.00255304 0.000961566 2.40841e-09 0 0 0 0 0 
0 0 0.20246 0.547573 0.0466746 0.0677747 0.0391387 0.0566424 0.0306744 0.00717183 0.00189033 0 0 0 0 0 0 0 
0.00145503 0 0.0330951 0.0210926 0.00650748 0.0125269 0.0144853 0.437144 0.43809 0.00926486 0.00504806 0.00396996 0.00531306 0.00364193 0.000187332 0.00178737 0.00143707 0.0049534 
0.00589726 0 0.0437157 0.022897 0.00741287 0.0144196 0.0153019 0.322835 0.505579 0.0178 0.00862613 0.0068002 0.00930874 0.00639988 6.77359e-05 0.00181453 0.00219508 0.00892938 
0.000203758 0 0.0581751 0.0430287 0.0124233 0.0244329 0.0316959 0.473887 0.31255 0.0116593 0.00645668 0.00492481 0.00646603 0.00449339 0.000803587 0.00342679 0.00203026 0.00334164 
0 0 0.65413 0.103452 0.00756073 0.0183956 0.016789 0.0623995 0.0794064 0.0186417 0.00890224 0.00612726 0.00863915 0.00835434 0.00395191 0.00325002 0 0 
0 0 0.490246 0.196793 0.0150575 0.0323021 0.0295387 0.09864 0.092815 0.0183772 0.00904352 0.00611048 0.00765653 0.00342037 0 0 0 0 
0.0342937 0.00889629 0.262137 0.0516547 0.0126002 0.0300075 0.0283705 0.135612 0.239674 0.0543595 0.0241841 0.017679 0.0269226 0.0220353 0.0033018 0.0122981 0.00696637 0.029008 
0 0 0.485688 0.352313 0.0118949 0.0256349 0.0207264 0.0509398 0.0401096 0.00902918 0.00357834 8.55766e-05 0 0 0 0 0 0 
0 0 0.324859 0.438039 0.0275859 0.0487877 0.0357356 0.0687738 0.042908 0.00942014 0.00380369 8.74787e-05 0 0 0 0 0 0 
0.00505396 0.000850526 0.0160972 0.0083392 0.00323517 0.00627121 0.0062474 0.254022 0.661922 0.0119741 0.0055052 0.0044673 0.00607101 0.00399815 0 4.90193e-06 0.00102215 0.00491808 
0.0145916 0.00946796 0.0296158 0.0127554 0.00594864 0.0123566 0.01179 0.134281 0.631618 0.0581849 0.0182964 0.014367 0.019895 0.0130387 0 0 0.00118707 0.0126054 
0.0107348 0.00977316 0.0161767 0.00497622 0.00329124 0.00739543 0.00676083 0.0340096 0.656675 0.172193 0.0218832 0.0165586 0.0212175 0.0122857 0 0 0 0.00606952 
0.00497176 0.00515297 0.0067119 0.00172986 0.00141708 0.00330712 0.00297006 0.00839799 0.579251 0.342082 0.0139995 0.0101885 0.011961 0.00625507 0 0 0 0.00160466 
0.00924165 0.0120953 0.0122147 0.00156785 0.00221815 0.00578812 0.00521149 0.0143372 0.317342 0.478321 0.056591 0.0325714 0.0348435 0.0163046 0 0 0 0.00135263 
0.030867 0.469391 0.432965 0 0 0 0 0.00070189 0.0115518 0.00832822 0.00420839 0.00215106 0.00162524 0.00847601 0.0059641 0.00605992 0.00251561 0.0151953 
0.0403416 0.288104 0.532255 0 0 0 0 0.00483376 0.0320592 0.0170435 0.008657 0.00499785 0.00561438 0.0166072 0.00976382 0.0104935 0.00494778 0.024282 
0.0941348 0.262236 0.303528 0 0 0 0 0.0182561 0.0679777 0.0347885 0.0182697 0.00970674 0.00845737 0.0502034 0.0287397 0.0270946 0.0128105 0.0637977 
0.268633 0.461711 0.0850568 0 0 0 0 0.00290107 0.0224861 0.0143577 0.00362967 0 0 0.0260416 0.0198127 0.0159794 0.00412708 0.0752634 
0.0594328 0.817104 0.0822631 0 0 0 0 0.000211709 0.00551817 0.00468218 0.00228202 0.000500805 0 0.00552863 0.00449885 0.00383042 0.0010104 0.0131374 
0.217142 0.340939 0.132221 0 0 0 0 0.0071805 0.0384972 0.0227945 0.00638353 0 0 0.0488736 0.0345188 0.0300384 0.0103326 0.111079 
0.13359 0.164122 0.111218 0 0 0 0 0.0195445 0.0614271 0.035597 0.00516816 0 0 0.160248 0.0828695 0.0588858 0.0279769 0.139352 
0 0 0.0829356 0.421958 0.135672 0.171386 0.073324 0.0722351 0.0318895 0.00767064 0.00291586 1.3544e-05 0 0 0 0 0 0 
0.0144761 0.000384262 0.0921441 0.0380971 0.0118167 0.0236033 0.0241262 0.241209 0.43055 0.037949 0.0165686 0.0127139 0.0179695 0.0128792 0.000273894 0.00422838 0.00413337 0.0168769 
6.45015e-05 0 0.121679 0.0783332 0.0192927 0.0382552 0.0459217 0.357936 0.269075 0.0197606 0.0102527 0.0076058 0.0100826 0.00721581 0.00189465 0.00601805 0.00328168 0.00333112 
0.00102157 0 0.195671 0.0884926 0.0189017 0.0376344 0.0400761 0.251698 0.26352 0.0292452 0.0141269 0.0103717 0.0142253 0.0105532 0.00249886 0.00801558 0.00438108 0.00956642 
0 0 0.127495 0.0997383 0.0244719 0.0492328 0.0630962 0.367811 0.210327 0.017488 0.00931999 0.0067818 0.00876101 0.0062527 0.00271301 0.00576114 0.000750481 0 
5.75051e-05 0 0.031015 0.0260516 0.00811779 0.0159042 0.0223132 0.571164 0.300873 0.00635535 0.00373558 0.00287799 0.00373004 0.00255317 0.000468299 0.00201892 0.00120009 0.00156434 
0 0 0.317855 0.183145 0.0252762 0.0495101 0.0494147 0.17717 0.137463 0.0214571 0.0107673 0.00743539 0.00963121 0.00863105 0.00211121 0.000132009 0 0 
0 0 0.65295 0.226935 0.00590764 0.0143077 0.012346 0.0369841 0.0371835 0.00883463 0.00404568 0.000506044 0 0 0 0 0 0 
0.00628719 0.00316656 0.0128116 0.00632089 0.00294478 0.00580112 0.00552848 0.151249 0.75252 0.0205864 0.00752158 0.00611681 0.00822391 0.00521635 0 0 0.000377464 0.00532834 
0.00434893 0.00369469 0.00638825 0.00235628 0.00149363 0.00319626 0.00289599 0.0129426 0.812436 0.121308 0.00788892 0.00633769 0.00793136 0.00449256 0 0 0 0.00228855 
0.0201678 0.0280847 0.0254691 0.000352544 0.00356328 0.0103227 0.00942593 0.0299741 0.218619 0.291828 0.116115 0.0818572 0.106853 0.0535613 0 0 0 0.00380608 
0.0631655 0.232042 0.425572 0 0 0 0 0.0190282 0.0675183 0.0314337 0.0162052 0.0096584 0.0122059 0.0343378 0.0177915 0.0190273 0.00909619 0.0429179 
0.305082 0.566854 0.0375884 0 0 0 0 0.00105848 0.0111804 0.00771847 0.00187687 0 0 0.0125779 0.00990799 0.00720736 0.00155387 0.0373942 
0.139703 0.368848 0.220975 0 0 0 0 0.00782974 0.0431531 0.0247805 0.0126672 0.00341456 0 0.0405108 0.0283441 0.0257078 0.0105833 0.0734818 
0.173203 0.168575 0.0908708 0 0 0 0 0.0142709 0.0497686 0.0230942 0.000246793 0 0 0.127442 0.0786346 0.0622997 0.0296412 0.181953 
0.107764 0.189183 0.183226 0 0 0 0 0.0284236 0.0823552 0.0467104 0.0257045 0.0130027 0.00738059 0.105908 0.0525869 0.0430438 0.0204307 0.0942809 
0 0 0.120466 0.628434 0.0683255 0.0779605 0.0343954 0.0422672 0.0218903 0.00532165 0.000938918 0 0 0 0 0 0 0 
0.0156568 0 0.191343 0.0607004 0.01478 0.0311484 0.0309624 0.193824 0.305664 0.0448235 0.0199198 0.0148045 0.0214151 0.0163031 0.00167074 0.00870902 0.0055113 0.0227635 
0.00621647 0 0.0885864 0.0428207 0.0122332 0.0241182 0.025876 0.300521 0.406503 0.026503 0.0125677 0.00964251 0.0133198 0.00946556 0.000494689 0.00437105 0.00340161 0.0133589 
0 0 0.0756061 0.0632698 0.0179038 0.03606 0.050715 0.470568 0.240976 0.0127433 0.00708858 0.00528759 0.00682425 0.0047686 0.00150019 0.00440669 0.00208567 0.00019581 
0 0 0.29791 0.130656 0.021116 0.0420246 0.0427732 0.194751 0.184574 0.0267086 0.0130477 0.00927011 0.0125165 0.00950664 0.00446395 0.00865854 0.0020234 0 
0.0127784 0.01896 0.0170551 0.000877092 0.00274637 0.00768912 0.00696796 0.0199854 0.222262 0.414777 0.113556 0.063748 0.0675269 0.0299089 0 0 0 0.0011621 
0.017911 0.021393 0.0236854 0.00275831 0.0037729 0.00993622 0.00904568 0.0311691 0.340884 0.320807 0.0719668 0.0481105 0.0604723 0.0322748 0 0 0 0.00581284 
0.0277945 0.0337256 0.0380226 0.00238985 0.0049509 0.0136578 0.0125337 0.047023 0.29277 0.226492 0.0791926 0.0596046 0.0905861 0.0565536 0 0 0 0.0147032 
0.0336237 0.0362585 0.069079 0.0108616 0.00786505 0.0198915 0.0185291 0.0912238 0.362934 0.131662 0.0470515 0.0360358 0.057599 0.0427678 0 0 0.00402543 0.0305915 
0.0221292 0.0235437 0.0337004 0.00601606 0.00519134 0.0129399 0.0118996 0.0528413 0.42953 0.213419 0.0517921 0.0378711 0.0528136 0.0324515 0 0 0 0.0138607 
0.033979 0.0409264 0.0559789 0.00442738 0.00636783 0.0172538 0.0159284 0.0666733 0.31009 0.168253 0.062669 0.0485787 0.0806854 0.0584981 0 0 0.000889459 0.0288012 
0.049211 0.0705625 0.110456 0 0.00695332 0.0221316 0.0206194 0.0812993 0.234591 0.109239 0.049922 0.0387071 0.0734558 0.0681066 0.000233478 0.0084995 0.0112263 0.0447856 
0.0254047 0.0252138 0.0460227 0.010017 0.00665639 0.0160655 0.0149432 0.0799131 0.4487 0.149505 0.0430881 0.0325586 0.0478567 0.0320839 0 0 0.000803492 0.0211673 
0.0262935 0.0206027 0.0614159 0.0188843 0.00872501 0.0197495 0.0187719 0.127886 0.462201 0.0916136 0.0313406 0.0240039 0.0355713 0.0252549 0 0 0.00445607 0.0232297 
0.0732649 0.113751 0.121796 0 0 0 0.00176951 0.040539 0.0970629 0.0639411 0.0376803 0.0244641 0.054041 0.190391 0.0410645 0.0423827 0.0197644 0.0780872 
0.0757641 0.0991293 0.0817553 0 0 0 9.43878e-06 0.0250288 0.0639496 0.0435233 0.0120504 0 0 0.330337 0.0965623 0.0531042 0.0241326 0.0946535 
0.14835 0.253014 0.17471 0 0 0 0 0.0158027 0.0603114 0.0341576 0.0164397 0.00128527 0 0.0800165 0.0488993 0.0407545 0.0190505 0.107209 
0.0209619 0.00956059 0.058768 0.0231103 0.00908408 0.0190458 0.0185516 0.172599 0.505844 0.0590611 0.0219135 0.0169513 0.0243285 0.0170341 0 0.000579804 0.00436862 0.0182378 
0.0202396 0.0162213 0.0402081 0.0133277 0.00681582 0.0151332 0.0142709 0.106763 0.548174 0.0981608 0.0284172 0.0218403 0.0310148 0.0206321 0 0 0.0013314 0.0174497 
0.0608011 0.101599 0.148544 0 0 0.00227184 0.0149709 0.058694 0.149592 0.0869957 0.0466999 0.0356704 0.083352 0.10636 0.00612612 0.0256482 0.0146086 0.0580666 
0.0726874 0.12846 0.173153 0 0 0 0.00403999 0.0523123 0.120116 0.0700711 0.0389099 0.027044 0.0585359 0.107935 0.0259587 0.035209 0.0168699 0.0686978 
0.0414731 0.0594866 0.0628342 0 0 0.00135099 0.00897867 0.0327805 0.097587 0.0799894 0.0509687 0.0448648 0.183584 0.291813 0 0 0.00172535 0.0425635 
0.012902 0.029613 0.0269858 0 0 0.000581713 0.00441776 0.0156123 0.048738 0.0493288 0.0373468 0.0386748 0.322042 0.413715 0 0 0 4.20427e-05 
0.0469333 0.067107 0.0668505 0 0 0 0.00418573 0.0291168 0.0756429 0.058083 0.0369292 0.0271595 0.120001 0.366266 0.0046838 0.0254639 0.0151968 0.0563801 
0.000579051 0.00974309 0.00974359 0 5.49687e-07 0.00178732 0.0031312 0.00785385 0.0316208 0.0796147 0.213717 0.434847 0.187792 0.0195703 0 0 0 0 
0.464499 0.23117 0.0393202 0 0 0 0 0.00334195 0.0196003 0.00905525 4.2613e-05 0 0 0.0289162 0.0225706 0.0142682 0.00262164 0.164595 
0.621458 0.107991 0.0169524 0 0 0 0 0.00189788 0.0108015 0.00352548 0 0 0 0.0162618 0.0124825 0.00498619 0.000490865 0.203152 
0.761309 0.109668 0.00963578 0 0 0 0 0.00099674 0.00658945 0.00243087 0 0 0 0.00894341 0.00675602 0.00209161 0.000155581 0.091424 
0.590706 0.251086 0.0205905 0 0 0 0 0.00160357 0.0112988 0.00555313 4.57556e-05 0 0 0.0150842 0.0119808 0.0056744 0.000819193 0.0855569 
0.101825 0.0830514 0.0463923 0 0 0 0 0.0128532 0.0313882 0.00183259 0 0 0 0.204835 0.142139 0.104559 0.0511764 0.219948 
0.00266218 0.00975899 0.00755035 0 0.00082495 0.00346189 0.00326084 0.00754879 0.0530098 0.465815 0.323783 0.0685583 0.041292 0.0124736 0 0 0 0 
0 0 0.056977 0.134251 0.0649933 0.210066 0.276344 0.194182 0.0443564 0.00840568 0.00476161 0.00315156 0.00235791 0.000153312 0 0 0 0 
0 0 0.0486435 0.0965972 0.0436678 0.145292 0.321968 0.277958 0.0461071 0.00772973 0.00448049 0.00305589 0.00332219 0.00117822 0 0 0 0 
0 0 0.106853 0.202339 0.0662737 0.148373 0.164673 0.216528 0.0689643 0.0116823 0.00641861 0.00425463 0.00337108 0.000269971 0 0 0 0 
0 0 0.0480939 0.151867 0.0930199 0.305164 0.232219 0.121222 0.0339725 0.00746366 0.00417832 0.00244679 0.000352058 0 0 0 0 0 
0 0 0.116765 0.149491 0.0422848 0.0918319 0.128976 0.322245 0.110625 0.0136241 0.00749862 0.00520138 0.00629707 0.00506898 9.11979e-05 0 0 0 
0 0 0.177117 0.165078 0.0352675 0.0707219 0.0835901 0.277275 0.14118 0.0174804 0.00924986 0.00644739 0.00805673 0.0068566 0.00160263 7.75166e-05 0 0 
0 0 0.0886174 0.250254 0.0990709 0.205872 0.151644 0.138695 0.0477226 0.00982548 0.00536669 0.00277495 0.000156396 0 0 0 0 0 
0 0 0.18995 0.252628 0.0501486 0.0965059 0.0957018 0.193597 0.0890403 0.0146847 0.00779102 0.0051739 0.00435545 0.000423732 0 0 0 0 
0 0 0.246087 0.2341 0.0373747 0.0717397 0.0718468 0.190073 0.107885 0.0170853 0.00887913 0.00598468 0.0067456 0.00219901 0 0 0 0 
0 0 0.228695 0.357504 0.050038 0.0872655 0.0694333 0.122275 0.0630734 0.0124142 0.00650458 0.00277882 1.86201e-05 0 0 0 0 0 
0.123705 0.120475 0.0729457 0 0 0 0 0.0164019 0.0494455 0.0151067 0 0 0 0.204266 0.112534 0.0756514 0.0362626 0.173207 
0 0 0.0428906 0.2951 0.207723 0.276262 0.0807794 0.0622645 0.0258701 0.00655992 0.00253739 1.33393e-05 0 0 0 0 0 0 
0.00960926 0.022873 0.0188465 0 0.00111042 0.00669119 0.00673792 0.0185872 0.116367 0.28024 0.199953 0.137673 0.13461 0.0467012 0 0 0 0 
0.0140683 0.0299833 0.0262366 0 0.000411046 0.00653733 0.00783288 0.0228757 0.112508 0.183696 0.142812 0.142898 0.219862 0.0902361 0 0 0 4.21319e-05 
0.0288632 0.0389617 0.0379854 0 0.00261109 0.0118136 0.0114514 0.0383089 0.196918 0.203335 0.100645 0.0839477 0.145189 0.0897897 0 0 0 0.01018 
0.00665751 0 0.152419 0.0623297 0.0156138 0.0312056 0.032551 0.247958 0.329959 0.0344086 0.0159324 0.0119354 0.0167287 0.0123221 0.00133669 0.0070729 0.00450518 0.0170648 
0.0389568 0.0368485 0.122897 0.0225914 0.0104994 0.0259323 0.0243815 0.123299 0.317493 0.0873013 0.0356635 0.026928 0.0431569 0.0347089 0.000418908 0.00778158 0.00813267 0.0330092 
0.035299 0.0187689 0.145733 0.0382635 0.0122692 0.0284305 0.0271763 0.150904 0.321616 0.0677077 0.028355 0.0212235 0.0324676 0.0255322 0.00104096 0.00915155 0.00707418 0.0289864 
0.0416561 0.0496972 0.101974 0.0101275 0.00874173 0.0231291 0.021499 0.0973237 0.297148 0.110451 0.0453187 0.0347374 0.0592035 0.0488442 2.86851e-06 0.00376735 0.00926353 0.0371156 
0.0498943 0.0757485 0.239094 0.00514301 0.00949635 0.0266532 0.0244946 0.0969433 0.199932 0.068797 0.0318682 0.0232206 0.0390372 0.0359989 0.00600762 0.0180373 0.00961489 0.0400197 
0.0433028 0.0422269 0.194369 0.0268188 0.0111337 0.0283831 0.026483 0.120012 0.25254 0.0713175 0.0313343 0.0231621 0.0372625 0.0316423 0.00277876 0.0137364 0.00848668 0.0350095 
0.0600775 0.125814 0.281534 0 0 0.000515312 0.0130948 0.0673145 0.141497 0.0640466 0.0323292 0.0229385 0.0420603 0.0488454 0.0144834 0.0240128 0.0118278 0.0496083 
0.0546203 0.0916073 0.192619 0 0.00150903 0.0188166 0.0218849 0.0822058 0.193539 0.0826522 0.0394698 0.0293988 0.0544865 0.0542459 0.00499006 0.0199502 0.0113956 0.0466084 
0.048232 0.0705701 0.0923139 0 0.000509386 0.0127615 0.0165846 0.0589145 0.187454 0.118535 0.0604876 0.0496345 0.112383 0.113829 0 0 0.00955969 0.0482319 
0.0393348 0.100027 0.507925 0 0 0.00130415 0.0133834 0.0601581 0.106736 0.0380033 0.0184282 0.0127666 0.0204364 0.0226457 0.00870012 0.0138196 0.00684463 0.0294875 
0.0402725 0.0342108 0.367297 0.0347508 0.0102041 0.0267814 0.024649 0.0993865 0.171065 0.0482412 0.0223404 0.0159379 0.0247696 0.021652 0.00645304 0.0142041 0.00722225 0.0305634 
0.0398427 0.0557132 0.0608725 0 3.50277e-05 0.00775495 0.0125213 0.0412675 0.146982 0.123812 0.0721888 0.0655282 0.175475 0.168225 0 0 1.93821e-06 0.0297802 
0 0 0.0215419 0.0381488 0.0168331 0.0508363 0.395188 0.440768 0.0245116 0.00407331 0.00249847 0.00177122 0.00206989 0.00166166 9.77297e-05 0 0 0 
0 0 0.0418151 0.0691598 0.0284623 0.0804595 0.268532 0.43699 0.0539819 0.00701293 0.00416831 0.00294018 0.00347152 0.00282988 0.000177465 0 0 0 
