-1.1 -2.17
-1.37 -2.48
-1.64 -2.79
-1.91 -3.1
-2.18 -3.41
-2.45 -3.72
-2.298 -4.138
-2.146 -4.556
-1.994 -4.974
-1.842 -5.392
-1.69 -5.81
-2.11 -5.64
-2.53 -5.47
-2.95 -5.3
-3.37 -5.13
-3.79 -4.96
-4.21 -4.79
-4.515 -4.5
-4.82 -4.21
-5.05 -4.64
-5.28 -5.07
-5.51 -5.5
-5.46667 -5.95
-5.42333 -6.4
-5.38 -6.85
-5.14333 -7.14667
-4.90667 -7.44333
-4.67 -7.74
-4.19444 -7.79111
-3.71889 -7.84222
-3.24333 -7.89333
-2.76778 -7.94444
-2.29222 -7.99556
-1.81667 -8.04667
-1.34111 -8.09778
-0.865556 -8.14889
-0.39 -8.2
0.0425 -7.9775
0.475 -7.755
0.9075 -7.5325
1.34 -7.31
1.53 -6.85
1.72 -6.39
1.605 -6.11
1.49 -5.83
1.225 -5.665
0.96 -5.5
0.55 -5.325
0.14 -5.15
0.5375 -4.95
0.935 -4.75
1.3325 -4.55
1.73 -4.35
1.365 -4.175
1 -4
1.16667 -3.64667
1.33333 -3.29333
1.5 -2.94
1.16667 -3.13333
0.833333 -3.32667
0.5 -3.52
0.18 -3.25
-0.14 -2.98
-0.46 -2.71
-0.78 -2.44
1.19454 -6.4422
0.808956 -6.03789
-4.22582 -6.65745
-4.37838 -7.26463
-0.990453 -3.62831
0.812047 -3.69537
-4.82078 -6.64661
-0.623223 -3.22808
-1.39804 -3.27332
-0.211474 -4.0386
0.0807867 -3.69222
0.444526 -4.13242
-4.71213 -5.65025
-2.87301 -6.68569
-1.45775 -6.94507
-0.851319 -5.26839
-0.541698 -7.37353
0.996657 -4.37753
0.609682 -4.50481
0.0531222 -4.52883
1.47121 -6.55648
0.876955 -6.94153
0.633001 -5.69833
-0.193753 -6.34211
0.279369 -6.09694
-4.41137 -7.57153
-3.91155 -7.3969
-1.5576 -4.1054
-4.9604 -6.12833
-5.15391 -6.60114
-0.369311 -3.60894
-0.160417 -3.32883
0.377278 -3.81761
-4.72203 -5.09194
-5.08741 -5.44952
-3.88385 -5.7957
-2.45634 -7.28463
-2.17168 -6.39621
-2.98775 -5.99708
-1.52101 -7.53373
-1.33254 -5.44338
-0.588531 -7.80928
0.024321 -7.41056
0.223838 -4.82161
1.02543 -7.23013
-4.05762 -7.02247
-3.42615 -6.99184
-3.73675 -7.11301
-3.42232 -7.46035
-1.92267 -4.23815
-1.56846 -4.64387
-1.88533 -3.77249
-5.25493 -6.1567
-0.682257 -3.5425
-0.709772 -4.04004
-4.99569 -4.94556
-4.53411 -4.82549
-5.02805 -5.7897
-3.72004 -5.39098
-2.4976 -7.66856
-2.01074 -7.59077
-2.92923 -7.42799
-2.02254 -6.02776
-2.50622 -6.04639
-1.61281 -6.40801
-2.84929 -5.65501
-3.30581 -5.59273
-1.55559 -7.85547
-1.01676 -7.54286
-0.273782 -7.62271
0.167933 -7.68972
0.494844 -7.26197
-1.87136 -4.69277
-1.58498 -5.0619
-1.13517 -4.87033
-1.46955 -3.69095
-2.17803 -3.85774
-1.137 -4.02975
-0.45932 -4.48889
-4.24382 -5.41448
-1.80746 -7.20521
-2.78081 -7.06595
-2.37888 -6.81964
-3.09332 -6.94041
-3.16506 -7.60749
-2.77711 -6.31584
-2.40028 -5.75334
-1.07716 -7.87981
-0.257283 -7.92638
0.33919 -6.68832
-1.28658 -5.1387
-1.7365 -3.4303
-1.29108 -4.38012
-0.460172 -4.19507
-0.69665 -4.85786
-3.99041 -5.2137
-1.85948 -6.77015
-2.12724 -7.28298
-3.18891 -7.24398
-2.49365 -6.50107
0.549566 -6.93918
0.166967 -7.04299
-0.0570949 -6.71504
-0.709382 -6.74256
-0.245266 -7.08412
-0.387632 -6.62466
-0.733123 -6.1798
-0.573672 -7.04426
-1.02363 -7.06529
-0.354217 -5.22127
-0.177272 -4.85933
-0.880954 -4.47849
-1.31086 -7.25859
-0.835113 -7.30141
-0.560193 -5.694
-0.587999 -5.40065
-0.041781 -5.63864
0.303824 -5.57562
-0.084164 -5.34474
1.18854 -6.06191
-1.01122 -3.24067
-0.854013 -2.85235
-1.0654 -2.60159
-1.23159 -2.93752
0.102178 -4.18583
1.18852 -6.78903
-4.51665 -6.28674
-4.52218 -6.59051
-4.05712 -6.22567
-4.65798 -5.98188
-3.7326 -6.60132
-3.29314 -6.54497
-4.27069 -5.88971
-3.56671 -6.15316
-3.23927 -6.21594
-3.55079 -5.81962
-0.190224 -4.34365
-4.56057 -5.36832
0.751221 -6.5109
0.564306 -6.24806
0.141313 -6.40962
-2.10254 -6.96956
-1.15828 -6.5677
-1.44242 -6.64973
-0.860573 -6.46706
-1.23432 -6.0574
-1.33101 -6.33262
-0.978516 -5.66777
-0.946794 -5.96738
-0.393086 -6.02717
-1.37017 -5.76427
-1.55025 -6.09595
-0.048894 -5.9853
-4.73753 -7.05437
-4.42386 -6.93045
